DATE,CODE,RAW DATE,DAY,MONTH,YEAR,VALUE (R$)
2012-01-01,PNADCT_RRETUF,2012-01-01T00:00:00-02:00,1,1,2012,3239.0
2012-01-01,PNADCT_RRETUF,2012-01-01T00:00:00-02:00,1,1,2012,3835.0
2012-01-01,PNADCT_RRETUF,2012-01-01T00:00:00-02:00,1,1,2012,2589.0
2012-01-01,PNADCT_RRETUF,2012-01-01T00:00:00-02:00,1,1,2012,2182.0
2012-01-01,PNADCT_RRETUF,2012-01-01T00:00:00-02:00,1,1,2012,3556.0
2012-01-01,PNADCT_RRETUF,2012-01-01T00:00:00-02:00,1,1,2012,3676.0
2012-01-01,PNADCT_RRETUF,2012-01-01T00:00:00-02:00,1,1,2012,3265.0
2012-01-01,PNADCT_RRETUF,2012-01-01T00:00:00-02:00,1,1,2012,1991.0
2012-01-01,PNADCT_RRETUF,2012-01-01T00:00:00-02:00,1,1,2012,2912.0
2012-01-01,PNADCT_RRETUF,2012-01-01T00:00:00-02:00,1,1,2012,2678.0
2012-01-01,PNADCT_RRETUF,2012-01-01T00:00:00-02:00,1,1,2012,2252.0
2012-01-01,PNADCT_RRETUF,2012-01-01T00:00:00-02:00,1,1,2012,2079.0
2012-01-01,PNADCT_RRETUF,2012-01-01T00:00:00-02:00,1,1,2012,6440.0
2012-01-01,PNADCT_RRETUF,2012-01-01T00:00:00-02:00,1,1,2012,3010.0
2012-01-01,PNADCT_RRETUF,2012-01-01T00:00:00-02:00,1,1,2012,3058.0
2012-01-01,PNADCT_RRETUF,2012-01-01T00:00:00-02:00,1,1,2012,1704.0
2012-01-01,PNADCT_RRETUF,2012-01-01T00:00:00-02:00,1,1,2012,2936.0
2012-01-01,PNADCT_RRETUF,2012-01-01T00:00:00-02:00,1,1,2012,3367.0
2012-01-01,PNADCT_RRETUF,2012-01-01T00:00:00-02:00,1,1,2012,3484.0
2012-01-01,PNADCT_RRETUF,2012-01-01T00:00:00-02:00,1,1,2012,2281.0
2012-01-01,PNADCT_RRETUF,2012-01-01T00:00:00-02:00,1,1,2012,1994.0
2012-01-01,PNADCT_RRETUF,2012-01-01T00:00:00-02:00,1,1,2012,2609.0
2012-01-01,PNADCT_RRETUF,2012-01-01T00:00:00-02:00,1,1,2012,1901.0
2012-01-01,PNADCT_RRETUF,2012-01-01T00:00:00-02:00,1,1,2012,3586.0
2012-01-01,PNADCT_RRETUF,2012-01-01T00:00:00-02:00,1,1,2012,3555.0
2012-01-01,PNADCT_RRETUF,2012-01-01T00:00:00-02:00,1,1,2012,2244.0
2012-01-01,PNADCT_RRETUF,2012-01-01T00:00:00-02:00,1,1,2012,2763.0
2012-01-01,PNADCT_RRETUF,2012-01-01T00:00:00-02:00,1,1,2012,3194.0
2012-01-01,PNADCT_RRETUF,2012-01-01T00:00:00-02:00,1,1,2012,3491.0
2012-01-01,PNADCT_RRETUF,2012-01-01T00:00:00-02:00,1,1,2012,3614.0
2012-01-01,PNADCT_RRETUF,2012-01-01T00:00:00-02:00,1,1,2012,2574.0
2012-01-01,PNADCT_RRETUF,2012-01-01T00:00:00-02:00,1,1,2012,4101.0
2012-01-01,PNADCT_RRETUF,2012-01-01T00:00:00-02:00,1,1,2012,2675.0
2012-04-01,PNADCT_RRETUF,2012-04-01T00:00:00-03:00,1,4,2012,2558.0
2012-04-01,PNADCT_RRETUF,2012-04-01T00:00:00-03:00,1,4,2012,3941.0
2012-04-01,PNADCT_RRETUF,2012-04-01T00:00:00-03:00,1,4,2012,2294.0
2012-04-01,PNADCT_RRETUF,2012-04-01T00:00:00-03:00,1,4,2012,3293.0
2012-04-01,PNADCT_RRETUF,2012-04-01T00:00:00-03:00,1,4,2012,3233.0
2012-04-01,PNADCT_RRETUF,2012-04-01T00:00:00-03:00,1,4,2012,3199.0
2012-04-01,PNADCT_RRETUF,2012-04-01T00:00:00-03:00,1,4,2012,2553.0
2012-04-01,PNADCT_RRETUF,2012-04-01T00:00:00-03:00,1,4,2012,2097.0
2012-04-01,PNADCT_RRETUF,2012-04-01T00:00:00-03:00,1,4,2012,3332.0
2012-04-01,PNADCT_RRETUF,2012-04-01T00:00:00-03:00,1,4,2012,3342.0
2012-04-01,PNADCT_RRETUF,2012-04-01T00:00:00-03:00,1,4,2012,1754.0
2012-04-01,PNADCT_RRETUF,2012-04-01T00:00:00-03:00,1,4,2012,2618.0
2012-04-01,PNADCT_RRETUF,2012-04-01T00:00:00-03:00,1,4,2012,1908.0
2012-04-01,PNADCT_RRETUF,2012-04-01T00:00:00-03:00,1,4,2012,2164.0
2012-04-01,PNADCT_RRETUF,2012-04-01T00:00:00-03:00,1,4,2012,3107.0
2012-04-01,PNADCT_RRETUF,2012-04-01T00:00:00-03:00,1,4,2012,3030.0
2012-04-01,PNADCT_RRETUF,2012-04-01T00:00:00-03:00,1,4,2012,2707.0
2012-04-01,PNADCT_RRETUF,2012-04-01T00:00:00-03:00,1,4,2012,1629.0
2012-04-01,PNADCT_RRETUF,2012-04-01T00:00:00-03:00,1,4,2012,2950.0
2012-04-01,PNADCT_RRETUF,2012-04-01T00:00:00-03:00,1,4,2012,2939.0
2012-04-01,PNADCT_RRETUF,2012-04-01T00:00:00-03:00,1,4,2012,5962.0
2012-04-01,PNADCT_RRETUF,2012-04-01T00:00:00-03:00,1,4,2012,2004.0
2012-04-01,PNADCT_RRETUF,2012-04-01T00:00:00-03:00,1,4,2012,2025.0
2012-04-01,PNADCT_RRETUF,2012-04-01T00:00:00-03:00,1,4,2012,2694.0
2012-04-01,PNADCT_RRETUF,2012-04-01T00:00:00-03:00,1,4,2012,2845.0
2012-04-01,PNADCT_RRETUF,2012-04-01T00:00:00-03:00,1,4,2012,1964.0
2012-04-01,PNADCT_RRETUF,2012-04-01T00:00:00-03:00,1,4,2012,2714.0
2012-04-01,PNADCT_RRETUF,2012-04-01T00:00:00-03:00,1,4,2012,3488.0
2012-04-01,PNADCT_RRETUF,2012-04-01T00:00:00-03:00,1,4,2012,3288.0
2012-04-01,PNADCT_RRETUF,2012-04-01T00:00:00-03:00,1,4,2012,2063.0
2012-04-01,PNADCT_RRETUF,2012-04-01T00:00:00-03:00,1,4,2012,2459.0
2012-04-01,PNADCT_RRETUF,2012-04-01T00:00:00-03:00,1,4,2012,3553.0
2012-04-01,PNADCT_RRETUF,2012-04-01T00:00:00-03:00,1,4,2012,3057.0
2012-07-01,PNADCT_RRETUF,2012-07-01T00:00:00-03:00,1,7,2012,3083.0
2012-07-01,PNADCT_RRETUF,2012-07-01T00:00:00-03:00,1,7,2012,3594.0
2012-07-01,PNADCT_RRETUF,2012-07-01T00:00:00-03:00,1,7,2012,2452.0
2012-07-01,PNADCT_RRETUF,2012-07-01T00:00:00-03:00,1,7,2012,2063.0
2012-07-01,PNADCT_RRETUF,2012-07-01T00:00:00-03:00,1,7,2012,3372.0
2012-07-01,PNADCT_RRETUF,2012-07-01T00:00:00-03:00,1,7,2012,3512.0
2012-07-01,PNADCT_RRETUF,2012-07-01T00:00:00-03:00,1,7,2012,2764.0
2012-07-01,PNADCT_RRETUF,2012-07-01T00:00:00-03:00,1,7,2012,1999.0
2012-07-01,PNADCT_RRETUF,2012-07-01T00:00:00-03:00,1,7,2012,2764.0
2012-07-01,PNADCT_RRETUF,2012-07-01T00:00:00-03:00,1,7,2012,2644.0
2012-07-01,PNADCT_RRETUF,2012-07-01T00:00:00-03:00,1,7,2012,2003.0
2012-07-01,PNADCT_RRETUF,2012-07-01T00:00:00-03:00,1,7,2012,2051.0
2012-07-01,PNADCT_RRETUF,2012-07-01T00:00:00-03:00,1,7,2012,5939.0
2012-07-01,PNADCT_RRETUF,2012-07-01T00:00:00-03:00,1,7,2012,2892.0
2012-07-01,PNADCT_RRETUF,2012-07-01T00:00:00-03:00,1,7,2012,3044.0
2012-07-01,PNADCT_RRETUF,2012-07-01T00:00:00-03:00,1,7,2012,1673.0
2012-07-01,PNADCT_RRETUF,2012-07-01T00:00:00-03:00,1,7,2012,2748.0
2012-07-01,PNADCT_RRETUF,2012-07-01T00:00:00-03:00,1,7,2012,2983.0
2012-07-01,PNADCT_RRETUF,2012-07-01T00:00:00-03:00,1,7,2012,3139.0
2012-07-01,PNADCT_RRETUF,2012-07-01T00:00:00-03:00,1,7,2012,2159.0
2012-07-01,PNADCT_RRETUF,2012-07-01T00:00:00-03:00,1,7,2012,1853.0
2012-07-01,PNADCT_RRETUF,2012-07-01T00:00:00-03:00,1,7,2012,2571.0
2012-07-01,PNADCT_RRETUF,2012-07-01T00:00:00-03:00,1,7,2012,1834.0
2012-07-01,PNADCT_RRETUF,2012-07-01T00:00:00-03:00,1,7,2012,3407.0
2012-07-01,PNADCT_RRETUF,2012-07-01T00:00:00-03:00,1,7,2012,3268.0
2012-07-01,PNADCT_RRETUF,2012-07-01T00:00:00-03:00,1,7,2012,2095.0
2012-07-01,PNADCT_RRETUF,2012-07-01T00:00:00-03:00,1,7,2012,2626.0
2012-07-01,PNADCT_RRETUF,2012-07-01T00:00:00-03:00,1,7,2012,3253.0
2012-07-01,PNADCT_RRETUF,2012-07-01T00:00:00-03:00,1,7,2012,3320.0
2012-07-01,PNADCT_RRETUF,2012-07-01T00:00:00-03:00,1,7,2012,3397.0
2012-07-01,PNADCT_RRETUF,2012-07-01T00:00:00-03:00,1,7,2012,2270.0
2012-07-01,PNADCT_RRETUF,2012-07-01T00:00:00-03:00,1,7,2012,3991.0
2012-07-01,PNADCT_RRETUF,2012-07-01T00:00:00-03:00,1,7,2012,2561.0
2012-10-01,PNADCT_RRETUF,2012-10-01T00:00:00-03:00,1,10,2012,2495.0
2012-10-01,PNADCT_RRETUF,2012-10-01T00:00:00-03:00,1,10,2012,4057.0
2012-10-01,PNADCT_RRETUF,2012-10-01T00:00:00-03:00,1,10,2012,2291.0
2012-10-01,PNADCT_RRETUF,2012-10-01T00:00:00-03:00,1,10,2012,3434.0
2012-10-01,PNADCT_RRETUF,2012-10-01T00:00:00-03:00,1,10,2012,3358.0
2012-10-01,PNADCT_RRETUF,2012-10-01T00:00:00-03:00,1,10,2012,3191.0
2012-10-01,PNADCT_RRETUF,2012-10-01T00:00:00-03:00,1,10,2012,2553.0
2012-10-01,PNADCT_RRETUF,2012-10-01T00:00:00-03:00,1,10,2012,2091.0
2012-10-01,PNADCT_RRETUF,2012-10-01T00:00:00-03:00,1,10,2012,3240.0
2012-10-01,PNADCT_RRETUF,2012-10-01T00:00:00-03:00,1,10,2012,3363.0
2012-10-01,PNADCT_RRETUF,2012-10-01T00:00:00-03:00,1,10,2012,1779.0
2012-10-01,PNADCT_RRETUF,2012-10-01T00:00:00-03:00,1,10,2012,2646.0
2012-10-01,PNADCT_RRETUF,2012-10-01T00:00:00-03:00,1,10,2012,1881.0
2012-10-01,PNADCT_RRETUF,2012-10-01T00:00:00-03:00,1,10,2012,2240.0
2012-10-01,PNADCT_RRETUF,2012-10-01T00:00:00-03:00,1,10,2012,3163.0
2012-10-01,PNADCT_RRETUF,2012-10-01T00:00:00-03:00,1,10,2012,3099.0
2012-10-01,PNADCT_RRETUF,2012-10-01T00:00:00-03:00,1,10,2012,2739.0
2012-10-01,PNADCT_RRETUF,2012-10-01T00:00:00-03:00,1,10,2012,1642.0
2012-10-01,PNADCT_RRETUF,2012-10-01T00:00:00-03:00,1,10,2012,3073.0
2012-10-01,PNADCT_RRETUF,2012-10-01T00:00:00-03:00,1,10,2012,2945.0
2012-10-01,PNADCT_RRETUF,2012-10-01T00:00:00-03:00,1,10,2012,6151.0
2012-10-01,PNADCT_RRETUF,2012-10-01T00:00:00-03:00,1,10,2012,2014.0
2012-10-01,PNADCT_RRETUF,2012-10-01T00:00:00-03:00,1,10,2012,2012.0
2012-10-01,PNADCT_RRETUF,2012-10-01T00:00:00-03:00,1,10,2012,2873.0
2012-10-01,PNADCT_RRETUF,2012-10-01T00:00:00-03:00,1,10,2012,2727.0
2012-10-01,PNADCT_RRETUF,2012-10-01T00:00:00-03:00,1,10,2012,1883.0
2012-10-01,PNADCT_RRETUF,2012-10-01T00:00:00-03:00,1,10,2012,2840.0
2012-10-01,PNADCT_RRETUF,2012-10-01T00:00:00-03:00,1,10,2012,3542.0
2012-10-01,PNADCT_RRETUF,2012-10-01T00:00:00-03:00,1,10,2012,3378.0
2012-10-01,PNADCT_RRETUF,2012-10-01T00:00:00-03:00,1,10,2012,2062.0
2012-10-01,PNADCT_RRETUF,2012-10-01T00:00:00-03:00,1,10,2012,2478.0
2012-10-01,PNADCT_RRETUF,2012-10-01T00:00:00-03:00,1,10,2012,3673.0
2012-10-01,PNADCT_RRETUF,2012-10-01T00:00:00-03:00,1,10,2012,3106.0
2013-01-01,PNADCT_RRETUF,2013-01-01T00:00:00-02:00,1,1,2013,3257.0
2013-01-01,PNADCT_RRETUF,2013-01-01T00:00:00-02:00,1,1,2013,3781.0
2013-01-01,PNADCT_RRETUF,2013-01-01T00:00:00-02:00,1,1,2013,2517.0
2013-01-01,PNADCT_RRETUF,2013-01-01T00:00:00-02:00,1,1,2013,2172.0
2013-01-01,PNADCT_RRETUF,2013-01-01T00:00:00-02:00,1,1,2013,3538.0
2013-01-01,PNADCT_RRETUF,2013-01-01T00:00:00-02:00,1,1,2013,3726.0
2013-01-01,PNADCT_RRETUF,2013-01-01T00:00:00-02:00,1,1,2013,2807.0
2013-01-01,PNADCT_RRETUF,2013-01-01T00:00:00-02:00,1,1,2013,2021.0
2013-01-01,PNADCT_RRETUF,2013-01-01T00:00:00-02:00,1,1,2013,2786.0
2013-01-01,PNADCT_RRETUF,2013-01-01T00:00:00-02:00,1,1,2013,2644.0
2013-01-01,PNADCT_RRETUF,2013-01-01T00:00:00-02:00,1,1,2013,2102.0
2013-01-01,PNADCT_RRETUF,2013-01-01T00:00:00-02:00,1,1,2013,2122.0
2013-01-01,PNADCT_RRETUF,2013-01-01T00:00:00-02:00,1,1,2013,6270.0
2013-01-01,PNADCT_RRETUF,2013-01-01T00:00:00-02:00,1,1,2013,3049.0
2013-01-01,PNADCT_RRETUF,2013-01-01T00:00:00-02:00,1,1,2013,3131.0
2013-01-01,PNADCT_RRETUF,2013-01-01T00:00:00-02:00,1,1,2013,1728.0
2013-01-01,PNADCT_RRETUF,2013-01-01T00:00:00-02:00,1,1,2013,3020.0
2013-01-01,PNADCT_RRETUF,2013-01-01T00:00:00-02:00,1,1,2013,3206.0
2013-01-01,PNADCT_RRETUF,2013-01-01T00:00:00-02:00,1,1,2013,3367.0
2013-01-01,PNADCT_RRETUF,2013-01-01T00:00:00-02:00,1,1,2013,2275.0
2013-01-01,PNADCT_RRETUF,2013-01-01T00:00:00-02:00,1,1,2013,1964.0
2013-01-01,PNADCT_RRETUF,2013-01-01T00:00:00-02:00,1,1,2013,2769.0
2013-01-01,PNADCT_RRETUF,2013-01-01T00:00:00-02:00,1,1,2013,1920.0
2013-01-01,PNADCT_RRETUF,2013-01-01T00:00:00-02:00,1,1,2013,3545.0
2013-01-01,PNADCT_RRETUF,2013-01-01T00:00:00-02:00,1,1,2013,3413.0
2013-01-01,PNADCT_RRETUF,2013-01-01T00:00:00-02:00,1,1,2013,2223.0
2013-01-01,PNADCT_RRETUF,2013-01-01T00:00:00-02:00,1,1,2013,2640.0
2013-01-01,PNADCT_RRETUF,2013-01-01T00:00:00-02:00,1,1,2013,3444.0
2013-01-01,PNADCT_RRETUF,2013-01-01T00:00:00-02:00,1,1,2013,3594.0
2013-01-01,PNADCT_RRETUF,2013-01-01T00:00:00-02:00,1,1,2013,3440.0
2013-01-01,PNADCT_RRETUF,2013-01-01T00:00:00-02:00,1,1,2013,2511.0
2013-01-01,PNADCT_RRETUF,2013-01-01T00:00:00-02:00,1,1,2013,4204.0
2013-01-01,PNADCT_RRETUF,2013-01-01T00:00:00-02:00,1,1,2013,2559.0
2013-04-01,PNADCT_RRETUF,2013-04-01T00:00:00-03:00,1,4,2013,2573.0
2013-04-01,PNADCT_RRETUF,2013-04-01T00:00:00-03:00,1,4,2013,4113.0
2013-04-01,PNADCT_RRETUF,2013-04-01T00:00:00-03:00,1,4,2013,2438.0
2013-04-01,PNADCT_RRETUF,2013-04-01T00:00:00-03:00,1,4,2013,3364.0
2013-04-01,PNADCT_RRETUF,2013-04-01T00:00:00-03:00,1,4,2013,3460.0
2013-04-01,PNADCT_RRETUF,2013-04-01T00:00:00-03:00,1,4,2013,3410.0
2013-04-01,PNADCT_RRETUF,2013-04-01T00:00:00-03:00,1,4,2013,2475.0
2013-04-01,PNADCT_RRETUF,2013-04-01T00:00:00-03:00,1,4,2013,2182.0
2013-04-01,PNADCT_RRETUF,2013-04-01T00:00:00-03:00,1,4,2013,3328.0
2013-04-01,PNADCT_RRETUF,2013-04-01T00:00:00-03:00,1,4,2013,3410.0
2013-04-01,PNADCT_RRETUF,2013-04-01T00:00:00-03:00,1,4,2013,1864.0
2013-04-01,PNADCT_RRETUF,2013-04-01T00:00:00-03:00,1,4,2013,2690.0
2013-04-01,PNADCT_RRETUF,2013-04-01T00:00:00-03:00,1,4,2013,1982.0
2013-04-01,PNADCT_RRETUF,2013-04-01T00:00:00-03:00,1,4,2013,2153.0
2013-04-01,PNADCT_RRETUF,2013-04-01T00:00:00-03:00,1,4,2013,3245.0
2013-04-01,PNADCT_RRETUF,2013-04-01T00:00:00-03:00,1,4,2013,3015.0
2013-04-01,PNADCT_RRETUF,2013-04-01T00:00:00-03:00,1,4,2013,2711.0
2013-04-01,PNADCT_RRETUF,2013-04-01T00:00:00-03:00,1,4,2013,1747.0
2013-04-01,PNADCT_RRETUF,2013-04-01T00:00:00-03:00,1,4,2013,3058.0
2013-04-01,PNADCT_RRETUF,2013-04-01T00:00:00-03:00,1,4,2013,2927.0
2013-04-01,PNADCT_RRETUF,2013-04-01T00:00:00-03:00,1,4,2013,6049.0
2013-04-01,PNADCT_RRETUF,2013-04-01T00:00:00-03:00,1,4,2013,2123.0
2013-04-01,PNADCT_RRETUF,2013-04-01T00:00:00-03:00,1,4,2013,2027.0
2013-04-01,PNADCT_RRETUF,2013-04-01T00:00:00-03:00,1,4,2013,2659.0
2013-04-01,PNADCT_RRETUF,2013-04-01T00:00:00-03:00,1,4,2013,2702.0
2013-04-01,PNADCT_RRETUF,2013-04-01T00:00:00-03:00,1,4,2013,1964.0
2013-04-01,PNADCT_RRETUF,2013-04-01T00:00:00-03:00,1,4,2013,2631.0
2013-04-01,PNADCT_RRETUF,2013-04-01T00:00:00-03:00,1,4,2013,3583.0
2013-04-01,PNADCT_RRETUF,2013-04-01T00:00:00-03:00,1,4,2013,3418.0
2013-04-01,PNADCT_RRETUF,2013-04-01T00:00:00-03:00,1,4,2013,2130.0
2013-04-01,PNADCT_RRETUF,2013-04-01T00:00:00-03:00,1,4,2013,2419.0
2013-04-01,PNADCT_RRETUF,2013-04-01T00:00:00-03:00,1,4,2013,3653.0
2013-04-01,PNADCT_RRETUF,2013-04-01T00:00:00-03:00,1,4,2013,3146.0
2013-07-01,PNADCT_RRETUF,2013-07-01T00:00:00-03:00,1,7,2013,3187.0
2013-07-01,PNADCT_RRETUF,2013-07-01T00:00:00-03:00,1,7,2013,3681.0
2013-07-01,PNADCT_RRETUF,2013-07-01T00:00:00-03:00,1,7,2013,2457.0
2013-07-01,PNADCT_RRETUF,2013-07-01T00:00:00-03:00,1,7,2013,2164.0
2013-07-01,PNADCT_RRETUF,2013-07-01T00:00:00-03:00,1,7,2013,3503.0
2013-07-01,PNADCT_RRETUF,2013-07-01T00:00:00-03:00,1,7,2013,3620.0
2013-07-01,PNADCT_RRETUF,2013-07-01T00:00:00-03:00,1,7,2013,2699.0
2013-07-01,PNADCT_RRETUF,2013-07-01T00:00:00-03:00,1,7,2013,2004.0
2013-07-01,PNADCT_RRETUF,2013-07-01T00:00:00-03:00,1,7,2013,2637.0
2013-07-01,PNADCT_RRETUF,2013-07-01T00:00:00-03:00,1,7,2013,2879.0
2013-07-01,PNADCT_RRETUF,2013-07-01T00:00:00-03:00,1,7,2013,2037.0
2013-07-01,PNADCT_RRETUF,2013-07-01T00:00:00-03:00,1,7,2013,2178.0
2013-07-01,PNADCT_RRETUF,2013-07-01T00:00:00-03:00,1,7,2013,5874.0
2013-07-01,PNADCT_RRETUF,2013-07-01T00:00:00-03:00,1,7,2013,3029.0
2013-07-01,PNADCT_RRETUF,2013-07-01T00:00:00-03:00,1,7,2013,3157.0
2013-07-01,PNADCT_RRETUF,2013-07-01T00:00:00-03:00,1,7,2013,1701.0
2013-07-01,PNADCT_RRETUF,2013-07-01T00:00:00-03:00,1,7,2013,2779.0
2013-07-01,PNADCT_RRETUF,2013-07-01T00:00:00-03:00,1,7,2013,3155.0
2013-07-01,PNADCT_RRETUF,2013-07-01T00:00:00-03:00,1,7,2013,3186.0
2013-07-01,PNADCT_RRETUF,2013-07-01T00:00:00-03:00,1,7,2013,2240.0
2013-07-01,PNADCT_RRETUF,2013-07-01T00:00:00-03:00,1,7,2013,2033.0
2013-07-01,PNADCT_RRETUF,2013-07-01T00:00:00-03:00,1,7,2013,2782.0
2013-07-01,PNADCT_RRETUF,2013-07-01T00:00:00-03:00,1,7,2013,2030.0
2013-07-01,PNADCT_RRETUF,2013-07-01T00:00:00-03:00,1,7,2013,3476.0
2013-07-01,PNADCT_RRETUF,2013-07-01T00:00:00-03:00,1,7,2013,3457.0
2013-07-01,PNADCT_RRETUF,2013-07-01T00:00:00-03:00,1,7,2013,2125.0
2013-07-01,PNADCT_RRETUF,2013-07-01T00:00:00-03:00,1,7,2013,2556.0
2013-07-01,PNADCT_RRETUF,2013-07-01T00:00:00-03:00,1,7,2013,3464.0
2013-07-01,PNADCT_RRETUF,2013-07-01T00:00:00-03:00,1,7,2013,3585.0
2013-07-01,PNADCT_RRETUF,2013-07-01T00:00:00-03:00,1,7,2013,3412.0
2013-07-01,PNADCT_RRETUF,2013-07-01T00:00:00-03:00,1,7,2013,2426.0
2013-07-01,PNADCT_RRETUF,2013-07-01T00:00:00-03:00,1,7,2013,4102.0
2013-07-01,PNADCT_RRETUF,2013-07-01T00:00:00-03:00,1,7,2013,2390.0
2013-10-01,PNADCT_RRETUF,2013-10-01T00:00:00-03:00,1,10,2013,2436.0
2013-10-01,PNADCT_RRETUF,2013-10-01T00:00:00-03:00,1,10,2013,4052.0
2013-10-01,PNADCT_RRETUF,2013-10-01T00:00:00-03:00,1,10,2013,2437.0
2013-10-01,PNADCT_RRETUF,2013-10-01T00:00:00-03:00,1,10,2013,3509.0
2013-10-01,PNADCT_RRETUF,2013-10-01T00:00:00-03:00,1,10,2013,3581.0
2013-10-01,PNADCT_RRETUF,2013-10-01T00:00:00-03:00,1,10,2013,3241.0
2013-10-01,PNADCT_RRETUF,2013-10-01T00:00:00-03:00,1,10,2013,2602.0
2013-10-01,PNADCT_RRETUF,2013-10-01T00:00:00-03:00,1,10,2013,2198.0
2013-10-01,PNADCT_RRETUF,2013-10-01T00:00:00-03:00,1,10,2013,3495.0
2013-10-01,PNADCT_RRETUF,2013-10-01T00:00:00-03:00,1,10,2013,3480.0
2013-10-01,PNADCT_RRETUF,2013-10-01T00:00:00-03:00,1,10,2013,2060.0
2013-10-01,PNADCT_RRETUF,2013-10-01T00:00:00-03:00,1,10,2013,2862.0
2013-10-01,PNADCT_RRETUF,2013-10-01T00:00:00-03:00,1,10,2013,2053.0
2013-10-01,PNADCT_RRETUF,2013-10-01T00:00:00-03:00,1,10,2013,2193.0
2013-10-01,PNADCT_RRETUF,2013-10-01T00:00:00-03:00,1,10,2013,3280.0
2013-10-01,PNADCT_RRETUF,2013-10-01T00:00:00-03:00,1,10,2013,3207.0
2013-10-01,PNADCT_RRETUF,2013-10-01T00:00:00-03:00,1,10,2013,2903.0
2013-10-01,PNADCT_RRETUF,2013-10-01T00:00:00-03:00,1,10,2013,1613.0
2013-10-01,PNADCT_RRETUF,2013-10-01T00:00:00-03:00,1,10,2013,3141.0
2013-10-01,PNADCT_RRETUF,2013-10-01T00:00:00-03:00,1,10,2013,3098.0
2013-10-01,PNADCT_RRETUF,2013-10-01T00:00:00-03:00,1,10,2013,6141.0
2013-10-01,PNADCT_RRETUF,2013-10-01T00:00:00-03:00,1,10,2013,2075.0
2013-10-01,PNADCT_RRETUF,2013-10-01T00:00:00-03:00,1,10,2013,2101.0
2013-10-01,PNADCT_RRETUF,2013-10-01T00:00:00-03:00,1,10,2013,3026.0
2013-10-01,PNADCT_RRETUF,2013-10-01T00:00:00-03:00,1,10,2013,2807.0
2013-10-01,PNADCT_RRETUF,2013-10-01T00:00:00-03:00,1,10,2013,2037.0
2013-10-01,PNADCT_RRETUF,2013-10-01T00:00:00-03:00,1,10,2013,2671.0
2013-10-01,PNADCT_RRETUF,2013-10-01T00:00:00-03:00,1,10,2013,3633.0
2013-10-01,PNADCT_RRETUF,2013-10-01T00:00:00-03:00,1,10,2013,3525.0
2013-10-01,PNADCT_RRETUF,2013-10-01T00:00:00-03:00,1,10,2013,2178.0
2013-10-01,PNADCT_RRETUF,2013-10-01T00:00:00-03:00,1,10,2013,2478.0
2013-10-01,PNADCT_RRETUF,2013-10-01T00:00:00-03:00,1,10,2013,3745.0
2013-10-01,PNADCT_RRETUF,2013-10-01T00:00:00-03:00,1,10,2013,3199.0
2014-01-01,PNADCT_RRETUF,2014-01-01T00:00:00-02:00,1,1,2014,3356.0
2014-01-01,PNADCT_RRETUF,2014-01-01T00:00:00-02:00,1,1,2014,3744.0
2014-01-01,PNADCT_RRETUF,2014-01-01T00:00:00-02:00,1,1,2014,2516.0
2014-01-01,PNADCT_RRETUF,2014-01-01T00:00:00-02:00,1,1,2014,2309.0
2014-01-01,PNADCT_RRETUF,2014-01-01T00:00:00-02:00,1,1,2014,3646.0
2014-01-01,PNADCT_RRETUF,2014-01-01T00:00:00-02:00,1,1,2014,3861.0
2014-01-01,PNADCT_RRETUF,2014-01-01T00:00:00-02:00,1,1,2014,2655.0
2014-01-01,PNADCT_RRETUF,2014-01-01T00:00:00-02:00,1,1,2014,2236.0
2014-01-01,PNADCT_RRETUF,2014-01-01T00:00:00-02:00,1,1,2014,2793.0
2014-01-01,PNADCT_RRETUF,2014-01-01T00:00:00-02:00,1,1,2014,3091.0
2014-01-01,PNADCT_RRETUF,2014-01-01T00:00:00-02:00,1,1,2014,2227.0
2014-01-01,PNADCT_RRETUF,2014-01-01T00:00:00-02:00,1,1,2014,2204.0
2014-01-01,PNADCT_RRETUF,2014-01-01T00:00:00-02:00,1,1,2014,6133.0
2014-01-01,PNADCT_RRETUF,2014-01-01T00:00:00-02:00,1,1,2014,3144.0
2014-01-01,PNADCT_RRETUF,2014-01-01T00:00:00-02:00,1,1,2014,3137.0
2014-01-01,PNADCT_RRETUF,2014-01-01T00:00:00-02:00,1,1,2014,1688.0
2014-01-01,PNADCT_RRETUF,2014-01-01T00:00:00-02:00,1,1,2014,3159.0
2014-01-01,PNADCT_RRETUF,2014-01-01T00:00:00-02:00,1,1,2014,3289.0
2014-01-01,PNADCT_RRETUF,2014-01-01T00:00:00-02:00,1,1,2014,3239.0
2014-01-01,PNADCT_RRETUF,2014-01-01T00:00:00-02:00,1,1,2014,2255.0
2014-01-01,PNADCT_RRETUF,2014-01-01T00:00:00-02:00,1,1,2014,2233.0
2014-01-01,PNADCT_RRETUF,2014-01-01T00:00:00-02:00,1,1,2014,3016.0
2014-01-01,PNADCT_RRETUF,2014-01-01T00:00:00-02:00,1,1,2014,2111.0
2014-01-01,PNADCT_RRETUF,2014-01-01T00:00:00-02:00,1,1,2014,3636.0
2014-01-01,PNADCT_RRETUF,2014-01-01T00:00:00-02:00,1,1,2014,3605.0
2014-01-01,PNADCT_RRETUF,2014-01-01T00:00:00-02:00,1,1,2014,2401.0
2014-01-01,PNADCT_RRETUF,2014-01-01T00:00:00-02:00,1,1,2014,2629.0
2014-01-01,PNADCT_RRETUF,2014-01-01T00:00:00-02:00,1,1,2014,3336.0
2014-01-01,PNADCT_RRETUF,2014-01-01T00:00:00-02:00,1,1,2014,3703.0
2014-01-01,PNADCT_RRETUF,2014-01-01T00:00:00-02:00,1,1,2014,3569.0
2014-01-01,PNADCT_RRETUF,2014-01-01T00:00:00-02:00,1,1,2014,2636.0
2014-01-01,PNADCT_RRETUF,2014-01-01T00:00:00-02:00,1,1,2014,4325.0
2014-01-01,PNADCT_RRETUF,2014-01-01T00:00:00-02:00,1,1,2014,2501.0
2014-04-01,PNADCT_RRETUF,2014-04-01T00:00:00-03:00,1,4,2014,2528.0
2014-04-01,PNADCT_RRETUF,2014-04-01T00:00:00-03:00,1,4,2014,4215.0
2014-04-01,PNADCT_RRETUF,2014-04-01T00:00:00-03:00,1,4,2014,2819.0
2014-04-01,PNADCT_RRETUF,2014-04-01T00:00:00-03:00,1,4,2014,3419.0
2014-04-01,PNADCT_RRETUF,2014-04-01T00:00:00-03:00,1,4,2014,3547.0
2014-04-01,PNADCT_RRETUF,2014-04-01T00:00:00-03:00,1,4,2014,3243.0
2014-04-01,PNADCT_RRETUF,2014-04-01T00:00:00-03:00,1,4,2014,2599.0
2014-04-01,PNADCT_RRETUF,2014-04-01T00:00:00-03:00,1,4,2014,2230.0
2014-04-01,PNADCT_RRETUF,2014-04-01T00:00:00-03:00,1,4,2014,3436.0
2014-04-01,PNADCT_RRETUF,2014-04-01T00:00:00-03:00,1,4,2014,3504.0
2014-04-01,PNADCT_RRETUF,2014-04-01T00:00:00-03:00,1,4,2014,1967.0
2014-04-01,PNADCT_RRETUF,2014-04-01T00:00:00-03:00,1,4,2014,2919.0
2014-04-01,PNADCT_RRETUF,2014-04-01T00:00:00-03:00,1,4,2014,2167.0
2014-04-01,PNADCT_RRETUF,2014-04-01T00:00:00-03:00,1,4,2014,2206.0
2014-04-01,PNADCT_RRETUF,2014-04-01T00:00:00-03:00,1,4,2014,3331.0
2014-04-01,PNADCT_RRETUF,2014-04-01T00:00:00-03:00,1,4,2014,3165.0
2014-04-01,PNADCT_RRETUF,2014-04-01T00:00:00-03:00,1,4,2014,2806.0
2014-04-01,PNADCT_RRETUF,2014-04-01T00:00:00-03:00,1,4,2014,1571.0
2014-04-01,PNADCT_RRETUF,2014-04-01T00:00:00-03:00,1,4,2014,3048.0
2014-04-01,PNADCT_RRETUF,2014-04-01T00:00:00-03:00,1,4,2014,3005.0
2014-04-01,PNADCT_RRETUF,2014-04-01T00:00:00-03:00,1,4,2014,5580.0
2014-04-01,PNADCT_RRETUF,2014-04-01T00:00:00-03:00,1,4,2014,2108.0
2014-04-01,PNADCT_RRETUF,2014-04-01T00:00:00-03:00,1,4,2014,2094.0
2014-04-01,PNADCT_RRETUF,2014-04-01T00:00:00-03:00,1,4,2014,2952.0
2014-04-01,PNADCT_RRETUF,2014-04-01T00:00:00-03:00,1,4,2014,2769.0
2014-04-01,PNADCT_RRETUF,2014-04-01T00:00:00-03:00,1,4,2014,2077.0
2014-04-01,PNADCT_RRETUF,2014-04-01T00:00:00-03:00,1,4,2014,2637.0
2014-04-01,PNADCT_RRETUF,2014-04-01T00:00:00-03:00,1,4,2014,3682.0
2014-04-01,PNADCT_RRETUF,2014-04-01T00:00:00-03:00,1,4,2014,3500.0
2014-04-01,PNADCT_RRETUF,2014-04-01T00:00:00-03:00,1,4,2014,2205.0
2014-04-01,PNADCT_RRETUF,2014-04-01T00:00:00-03:00,1,4,2014,2480.0
2014-04-01,PNADCT_RRETUF,2014-04-01T00:00:00-03:00,1,4,2014,3598.0
2014-04-01,PNADCT_RRETUF,2014-04-01T00:00:00-03:00,1,4,2014,3212.0
2014-07-01,PNADCT_RRETUF,2014-07-01T00:00:00-03:00,1,7,2014,3222.0
2014-07-01,PNADCT_RRETUF,2014-07-01T00:00:00-03:00,1,7,2014,3614.0
2014-07-01,PNADCT_RRETUF,2014-07-01T00:00:00-03:00,1,7,2014,2492.0
2014-07-01,PNADCT_RRETUF,2014-07-01T00:00:00-03:00,1,7,2014,2172.0
2014-07-01,PNADCT_RRETUF,2014-07-01T00:00:00-03:00,1,7,2014,3474.0
2014-07-01,PNADCT_RRETUF,2014-07-01T00:00:00-03:00,1,7,2014,3731.0
2014-07-01,PNADCT_RRETUF,2014-07-01T00:00:00-03:00,1,7,2014,2587.0
2014-07-01,PNADCT_RRETUF,2014-07-01T00:00:00-03:00,1,7,2014,2080.0
2014-07-01,PNADCT_RRETUF,2014-07-01T00:00:00-03:00,1,7,2014,2749.0
2014-07-01,PNADCT_RRETUF,2014-07-01T00:00:00-03:00,1,7,2014,3099.0
2014-07-01,PNADCT_RRETUF,2014-07-01T00:00:00-03:00,1,7,2014,2137.0
2014-07-01,PNADCT_RRETUF,2014-07-01T00:00:00-03:00,1,7,2014,2105.0
2014-07-01,PNADCT_RRETUF,2014-07-01T00:00:00-03:00,1,7,2014,5498.0
2014-07-01,PNADCT_RRETUF,2014-07-01T00:00:00-03:00,1,7,2014,3018.0
2014-07-01,PNADCT_RRETUF,2014-07-01T00:00:00-03:00,1,7,2014,3144.0
2014-07-01,PNADCT_RRETUF,2014-07-01T00:00:00-03:00,1,7,2014,1606.0
2014-07-01,PNADCT_RRETUF,2014-07-01T00:00:00-03:00,1,7,2014,2879.0
2014-07-01,PNADCT_RRETUF,2014-07-01T00:00:00-03:00,1,7,2014,3148.0
2014-07-01,PNADCT_RRETUF,2014-07-01T00:00:00-03:00,1,7,2014,3307.0
2014-07-01,PNADCT_RRETUF,2014-07-01T00:00:00-03:00,1,7,2014,2218.0
2014-07-01,PNADCT_RRETUF,2014-07-01T00:00:00-03:00,1,7,2014,2162.0
2014-07-01,PNADCT_RRETUF,2014-07-01T00:00:00-03:00,1,7,2014,2675.0
2014-07-01,PNADCT_RRETUF,2014-07-01T00:00:00-03:00,1,7,2014,1938.0
2014-07-01,PNADCT_RRETUF,2014-07-01T00:00:00-03:00,1,7,2014,3487.0
2014-07-01,PNADCT_RRETUF,2014-07-01T00:00:00-03:00,1,7,2014,3404.0
2014-07-01,PNADCT_RRETUF,2014-07-01T00:00:00-03:00,1,7,2014,2240.0
2014-07-01,PNADCT_RRETUF,2014-07-01T00:00:00-03:00,1,7,2014,2669.0
2014-07-01,PNADCT_RRETUF,2014-07-01T00:00:00-03:00,1,7,2014,3387.0
2014-07-01,PNADCT_RRETUF,2014-07-01T00:00:00-03:00,1,7,2014,3440.0
2014-07-01,PNADCT_RRETUF,2014-07-01T00:00:00-03:00,1,7,2014,3507.0
2014-07-01,PNADCT_RRETUF,2014-07-01T00:00:00-03:00,1,7,2014,2614.0
2014-07-01,PNADCT_RRETUF,2014-07-01T00:00:00-03:00,1,7,2014,4285.0
2014-07-01,PNADCT_RRETUF,2014-07-01T00:00:00-03:00,1,7,2014,2453.0
2014-10-01,PNADCT_RRETUF,2014-10-01T00:00:00-03:00,1,10,2014,2578.0
2014-10-01,PNADCT_RRETUF,2014-10-01T00:00:00-03:00,1,10,2014,4275.0
2014-10-01,PNADCT_RRETUF,2014-10-01T00:00:00-03:00,1,10,2014,2548.0
2014-10-01,PNADCT_RRETUF,2014-10-01T00:00:00-03:00,1,10,2014,3596.0
2014-10-01,PNADCT_RRETUF,2014-10-01T00:00:00-03:00,1,10,2014,3467.0
2014-10-01,PNADCT_RRETUF,2014-10-01T00:00:00-03:00,1,10,2014,3264.0
2014-10-01,PNADCT_RRETUF,2014-10-01T00:00:00-03:00,1,10,2014,2638.0
2014-10-01,PNADCT_RRETUF,2014-10-01T00:00:00-03:00,1,10,2014,2220.0
2014-10-01,PNADCT_RRETUF,2014-10-01T00:00:00-03:00,1,10,2014,3451.0
2014-10-01,PNADCT_RRETUF,2014-10-01T00:00:00-03:00,1,10,2014,3601.0
2014-10-01,PNADCT_RRETUF,2014-10-01T00:00:00-03:00,1,10,2014,1964.0
2014-10-01,PNADCT_RRETUF,2014-10-01T00:00:00-03:00,1,10,2014,2830.0
2014-10-01,PNADCT_RRETUF,2014-10-01T00:00:00-03:00,1,10,2014,2206.0
2014-10-01,PNADCT_RRETUF,2014-10-01T00:00:00-03:00,1,10,2014,2164.0
2014-10-01,PNADCT_RRETUF,2014-10-01T00:00:00-03:00,1,10,2014,3249.0
2014-10-01,PNADCT_RRETUF,2014-10-01T00:00:00-03:00,1,10,2014,3121.0
2014-10-01,PNADCT_RRETUF,2014-10-01T00:00:00-03:00,1,10,2014,2874.0
2014-10-01,PNADCT_RRETUF,2014-10-01T00:00:00-03:00,1,10,2014,1677.0
2014-10-01,PNADCT_RRETUF,2014-10-01T00:00:00-03:00,1,10,2014,3181.0
2014-10-01,PNADCT_RRETUF,2014-10-01T00:00:00-03:00,1,10,2014,3138.0
2014-10-01,PNADCT_RRETUF,2014-10-01T00:00:00-03:00,1,10,2014,5689.0
2014-10-01,PNADCT_RRETUF,2014-10-01T00:00:00-03:00,1,10,2014,2065.0
2014-10-01,PNADCT_RRETUF,2014-10-01T00:00:00-03:00,1,10,2014,2088.0
2014-10-01,PNADCT_RRETUF,2014-10-01T00:00:00-03:00,1,10,2014,3043.0
2014-10-01,PNADCT_RRETUF,2014-10-01T00:00:00-03:00,1,10,2014,2731.0
2014-10-01,PNADCT_RRETUF,2014-10-01T00:00:00-03:00,1,10,2014,2193.0
2014-10-01,PNADCT_RRETUF,2014-10-01T00:00:00-03:00,1,10,2014,2584.0
2014-10-01,PNADCT_RRETUF,2014-10-01T00:00:00-03:00,1,10,2014,3740.0
2014-10-01,PNADCT_RRETUF,2014-10-01T00:00:00-03:00,1,10,2014,3549.0
2014-10-01,PNADCT_RRETUF,2014-10-01T00:00:00-03:00,1,10,2014,2193.0
2014-10-01,PNADCT_RRETUF,2014-10-01T00:00:00-03:00,1,10,2014,2465.0
2014-10-01,PNADCT_RRETUF,2014-10-01T00:00:00-03:00,1,10,2014,3641.0
2014-10-01,PNADCT_RRETUF,2014-10-01T00:00:00-03:00,1,10,2014,3242.0
2015-01-01,PNADCT_RRETUF,2015-01-01T00:00:00-02:00,1,1,2015,3339.0
2015-01-01,PNADCT_RRETUF,2015-01-01T00:00:00-02:00,1,1,2015,3721.0
2015-01-01,PNADCT_RRETUF,2015-01-01T00:00:00-02:00,1,1,2015,2538.0
2015-01-01,PNADCT_RRETUF,2015-01-01T00:00:00-02:00,1,1,2015,2236.0
2015-01-01,PNADCT_RRETUF,2015-01-01T00:00:00-02:00,1,1,2015,3684.0
2015-01-01,PNADCT_RRETUF,2015-01-01T00:00:00-02:00,1,1,2015,3855.0
2015-01-01,PNADCT_RRETUF,2015-01-01T00:00:00-02:00,1,1,2015,2742.0
2015-01-01,PNADCT_RRETUF,2015-01-01T00:00:00-02:00,1,1,2015,2179.0
2015-01-01,PNADCT_RRETUF,2015-01-01T00:00:00-02:00,1,1,2015,2782.0
2015-01-01,PNADCT_RRETUF,2015-01-01T00:00:00-02:00,1,1,2015,3004.0
2015-01-01,PNADCT_RRETUF,2015-01-01T00:00:00-02:00,1,1,2015,2194.0
2015-01-01,PNADCT_RRETUF,2015-01-01T00:00:00-02:00,1,1,2015,2110.0
2015-01-01,PNADCT_RRETUF,2015-01-01T00:00:00-02:00,1,1,2015,6121.0
2015-01-01,PNADCT_RRETUF,2015-01-01T00:00:00-02:00,1,1,2015,3099.0
2015-01-01,PNADCT_RRETUF,2015-01-01T00:00:00-02:00,1,1,2015,3159.0
2015-01-01,PNADCT_RRETUF,2015-01-01T00:00:00-02:00,1,1,2015,1657.0
2015-01-01,PNADCT_RRETUF,2015-01-01T00:00:00-02:00,1,1,2015,3114.0
2015-01-01,PNADCT_RRETUF,2015-01-01T00:00:00-02:00,1,1,2015,3184.0
2015-01-01,PNADCT_RRETUF,2015-01-01T00:00:00-02:00,1,1,2015,3241.0
2015-01-01,PNADCT_RRETUF,2015-01-01T00:00:00-02:00,1,1,2015,2219.0
2015-01-01,PNADCT_RRETUF,2015-01-01T00:00:00-02:00,1,1,2015,2254.0
2015-01-01,PNADCT_RRETUF,2015-01-01T00:00:00-02:00,1,1,2015,2714.0
2015-01-01,PNADCT_RRETUF,2015-01-01T00:00:00-02:00,1,1,2015,2059.0
2015-01-01,PNADCT_RRETUF,2015-01-01T00:00:00-02:00,1,1,2015,3660.0
2015-01-01,PNADCT_RRETUF,2015-01-01T00:00:00-02:00,1,1,2015,3453.0
2015-01-01,PNADCT_RRETUF,2015-01-01T00:00:00-02:00,1,1,2015,2483.0
2015-01-01,PNADCT_RRETUF,2015-01-01T00:00:00-02:00,1,1,2015,2666.0
2015-01-01,PNADCT_RRETUF,2015-01-01T00:00:00-02:00,1,1,2015,3739.0
2015-01-01,PNADCT_RRETUF,2015-01-01T00:00:00-02:00,1,1,2015,3737.0
2015-01-01,PNADCT_RRETUF,2015-01-01T00:00:00-02:00,1,1,2015,3638.0
2015-01-01,PNADCT_RRETUF,2015-01-01T00:00:00-02:00,1,1,2015,2562.0
2015-01-01,PNADCT_RRETUF,2015-01-01T00:00:00-02:00,1,1,2015,4385.0
2015-01-01,PNADCT_RRETUF,2015-01-01T00:00:00-02:00,1,1,2015,2754.0
2015-04-01,PNADCT_RRETUF,2015-04-01T00:00:00-03:00,1,4,2015,2693.0
2015-04-01,PNADCT_RRETUF,2015-04-01T00:00:00-03:00,1,4,2015,4339.0
2015-04-01,PNADCT_RRETUF,2015-04-01T00:00:00-03:00,1,4,2015,2391.0
2015-04-01,PNADCT_RRETUF,2015-04-01T00:00:00-03:00,1,4,2015,3455.0
2015-04-01,PNADCT_RRETUF,2015-04-01T00:00:00-03:00,1,4,2015,3413.0
2015-04-01,PNADCT_RRETUF,2015-04-01T00:00:00-03:00,1,4,2015,3207.0
2015-04-01,PNADCT_RRETUF,2015-04-01T00:00:00-03:00,1,4,2015,2625.0
2015-04-01,PNADCT_RRETUF,2015-04-01T00:00:00-03:00,1,4,2015,2318.0
2015-04-01,PNADCT_RRETUF,2015-04-01T00:00:00-03:00,1,4,2015,3439.0
2015-04-01,PNADCT_RRETUF,2015-04-01T00:00:00-03:00,1,4,2015,3493.0
2015-04-01,PNADCT_RRETUF,2015-04-01T00:00:00-03:00,1,4,2015,1967.0
2015-04-01,PNADCT_RRETUF,2015-04-01T00:00:00-03:00,1,4,2015,2534.0
2015-04-01,PNADCT_RRETUF,2015-04-01T00:00:00-03:00,1,4,2015,2184.0
2015-04-01,PNADCT_RRETUF,2015-04-01T00:00:00-03:00,1,4,2015,1996.0
2015-04-01,PNADCT_RRETUF,2015-04-01T00:00:00-03:00,1,4,2015,3188.0
2015-04-01,PNADCT_RRETUF,2015-04-01T00:00:00-03:00,1,4,2015,2987.0
2015-04-01,PNADCT_RRETUF,2015-04-01T00:00:00-03:00,1,4,2015,2762.0
2015-04-01,PNADCT_RRETUF,2015-04-01T00:00:00-03:00,1,4,2015,1615.0
2015-04-01,PNADCT_RRETUF,2015-04-01T00:00:00-03:00,1,4,2015,2978.0
2015-04-01,PNADCT_RRETUF,2015-04-01T00:00:00-03:00,1,4,2015,3083.0
2015-04-01,PNADCT_RRETUF,2015-04-01T00:00:00-03:00,1,4,2015,5958.0
2015-04-01,PNADCT_RRETUF,2015-04-01T00:00:00-03:00,1,4,2015,2102.0
2015-04-01,PNADCT_RRETUF,2015-04-01T00:00:00-03:00,1,4,2015,2132.0
2015-04-01,PNADCT_RRETUF,2015-04-01T00:00:00-03:00,1,4,2015,2801.0
2015-04-01,PNADCT_RRETUF,2015-04-01T00:00:00-03:00,1,4,2015,2616.0
2015-04-01,PNADCT_RRETUF,2015-04-01T00:00:00-03:00,1,4,2015,2143.0
2015-04-01,PNADCT_RRETUF,2015-04-01T00:00:00-03:00,1,4,2015,2610.0
2015-04-01,PNADCT_RRETUF,2015-04-01T00:00:00-03:00,1,4,2015,3739.0
2015-04-01,PNADCT_RRETUF,2015-04-01T00:00:00-03:00,1,4,2015,3453.0
2015-04-01,PNADCT_RRETUF,2015-04-01T00:00:00-03:00,1,4,2015,2153.0
2015-04-01,PNADCT_RRETUF,2015-04-01T00:00:00-03:00,1,4,2015,2357.0
2015-04-01,PNADCT_RRETUF,2015-04-01T00:00:00-03:00,1,4,2015,3574.0
2015-04-01,PNADCT_RRETUF,2015-04-01T00:00:00-03:00,1,4,2015,3206.0
2015-07-01,PNADCT_RRETUF,2015-07-01T00:00:00-03:00,1,7,2015,3155.0
2015-07-01,PNADCT_RRETUF,2015-07-01T00:00:00-03:00,1,7,2015,3535.0
2015-07-01,PNADCT_RRETUF,2015-07-01T00:00:00-03:00,1,7,2015,2347.0
2015-07-01,PNADCT_RRETUF,2015-07-01T00:00:00-03:00,1,7,2015,2125.0
2015-07-01,PNADCT_RRETUF,2015-07-01T00:00:00-03:00,1,7,2015,3390.0
2015-07-01,PNADCT_RRETUF,2015-07-01T00:00:00-03:00,1,7,2015,3681.0
2015-07-01,PNADCT_RRETUF,2015-07-01T00:00:00-03:00,1,7,2015,2449.0
2015-07-01,PNADCT_RRETUF,2015-07-01T00:00:00-03:00,1,7,2015,2131.0
2015-07-01,PNADCT_RRETUF,2015-07-01T00:00:00-03:00,1,7,2015,2590.0
2015-07-01,PNADCT_RRETUF,2015-07-01T00:00:00-03:00,1,7,2015,2831.0
2015-07-01,PNADCT_RRETUF,2015-07-01T00:00:00-03:00,1,7,2015,2127.0
2015-07-01,PNADCT_RRETUF,2015-07-01T00:00:00-03:00,1,7,2015,2069.0
2015-07-01,PNADCT_RRETUF,2015-07-01T00:00:00-03:00,1,7,2015,5836.0
2015-07-01,PNADCT_RRETUF,2015-07-01T00:00:00-03:00,1,7,2015,3058.0
2015-07-01,PNADCT_RRETUF,2015-07-01T00:00:00-03:00,1,7,2015,3016.0
2015-07-01,PNADCT_RRETUF,2015-07-01T00:00:00-03:00,1,7,2015,1634.0
2015-07-01,PNADCT_RRETUF,2015-07-01T00:00:00-03:00,1,7,2015,2758.0
2015-07-01,PNADCT_RRETUF,2015-07-01T00:00:00-03:00,1,7,2015,2879.0
2015-07-01,PNADCT_RRETUF,2015-07-01T00:00:00-03:00,1,7,2015,3127.0
2015-07-01,PNADCT_RRETUF,2015-07-01T00:00:00-03:00,1,7,2015,2030.0
2015-07-01,PNADCT_RRETUF,2015-07-01T00:00:00-03:00,1,7,2015,2183.0
2015-07-01,PNADCT_RRETUF,2015-07-01T00:00:00-03:00,1,7,2015,2407.0
2015-07-01,PNADCT_RRETUF,2015-07-01T00:00:00-03:00,1,7,2015,1945.0
2015-07-01,PNADCT_RRETUF,2015-07-01T00:00:00-03:00,1,7,2015,3481.0
2015-07-01,PNADCT_RRETUF,2015-07-01T00:00:00-03:00,1,7,2015,3466.0
2015-07-01,PNADCT_RRETUF,2015-07-01T00:00:00-03:00,1,7,2015,2367.0
2015-07-01,PNADCT_RRETUF,2015-07-01T00:00:00-03:00,1,7,2015,2550.0
2015-07-01,PNADCT_RRETUF,2015-07-01T00:00:00-03:00,1,7,2015,3078.0
2015-07-01,PNADCT_RRETUF,2015-07-01T00:00:00-03:00,1,7,2015,3284.0
2015-07-01,PNADCT_RRETUF,2015-07-01T00:00:00-03:00,1,7,2015,3411.0
2015-07-01,PNADCT_RRETUF,2015-07-01T00:00:00-03:00,1,7,2015,2340.0
2015-07-01,PNADCT_RRETUF,2015-07-01T00:00:00-03:00,1,7,2015,4226.0
2015-07-01,PNADCT_RRETUF,2015-07-01T00:00:00-03:00,1,7,2015,2707.0
2015-10-01,PNADCT_RRETUF,2015-10-01T00:00:00-03:00,1,10,2015,2605.0
2015-10-01,PNADCT_RRETUF,2015-10-01T00:00:00-03:00,1,10,2015,4414.0
2015-10-01,PNADCT_RRETUF,2015-10-01T00:00:00-03:00,1,10,2015,2291.0
2015-10-01,PNADCT_RRETUF,2015-10-01T00:00:00-03:00,1,10,2015,3502.0
2015-10-01,PNADCT_RRETUF,2015-10-01T00:00:00-03:00,1,10,2015,3468.0
2015-10-01,PNADCT_RRETUF,2015-10-01T00:00:00-03:00,1,10,2015,2983.0
2015-10-01,PNADCT_RRETUF,2015-10-01T00:00:00-03:00,1,10,2015,2627.0
2015-10-01,PNADCT_RRETUF,2015-10-01T00:00:00-03:00,1,10,2015,2481.0
2015-10-01,PNADCT_RRETUF,2015-10-01T00:00:00-03:00,1,10,2015,3545.0
2015-10-01,PNADCT_RRETUF,2015-10-01T00:00:00-03:00,1,10,2015,3445.0
2015-10-01,PNADCT_RRETUF,2015-10-01T00:00:00-03:00,1,10,2015,2041.0
2015-10-01,PNADCT_RRETUF,2015-10-01T00:00:00-03:00,1,10,2015,2396.0
2015-10-01,PNADCT_RRETUF,2015-10-01T00:00:00-03:00,1,10,2015,2167.0
2015-10-01,PNADCT_RRETUF,2015-10-01T00:00:00-03:00,1,10,2015,2062.0
2015-10-01,PNADCT_RRETUF,2015-10-01T00:00:00-03:00,1,10,2015,3102.0
2015-10-01,PNADCT_RRETUF,2015-10-01T00:00:00-03:00,1,10,2015,3114.0
2015-10-01,PNADCT_RRETUF,2015-10-01T00:00:00-03:00,1,10,2015,2901.0
2015-10-01,PNADCT_RRETUF,2015-10-01T00:00:00-03:00,1,10,2015,1667.0
2015-10-01,PNADCT_RRETUF,2015-10-01T00:00:00-03:00,1,10,2015,2995.0
2015-10-01,PNADCT_RRETUF,2015-10-01T00:00:00-03:00,1,10,2015,3156.0
2015-10-01,PNADCT_RRETUF,2015-10-01T00:00:00-03:00,1,10,2015,6027.0
2015-10-01,PNADCT_RRETUF,2015-10-01T00:00:00-03:00,1,10,2015,2088.0
2015-10-01,PNADCT_RRETUF,2015-10-01T00:00:00-03:00,1,10,2015,2130.0
2015-10-01,PNADCT_RRETUF,2015-10-01T00:00:00-03:00,1,10,2015,3070.0
2015-10-01,PNADCT_RRETUF,2015-10-01T00:00:00-03:00,1,10,2015,2651.0
2015-10-01,PNADCT_RRETUF,2015-10-01T00:00:00-03:00,1,10,2015,2138.0
2015-10-01,PNADCT_RRETUF,2015-10-01T00:00:00-03:00,1,10,2015,2496.0
2015-10-01,PNADCT_RRETUF,2015-10-01T00:00:00-03:00,1,10,2015,3838.0
2015-10-01,PNADCT_RRETUF,2015-10-01T00:00:00-03:00,1,10,2015,3468.0
2015-10-01,PNADCT_RRETUF,2015-10-01T00:00:00-03:00,1,10,2015,2140.0
2015-10-01,PNADCT_RRETUF,2015-10-01T00:00:00-03:00,1,10,2015,2383.0
2015-10-01,PNADCT_RRETUF,2015-10-01T00:00:00-03:00,1,10,2015,3597.0
2015-10-01,PNADCT_RRETUF,2015-10-01T00:00:00-03:00,1,10,2015,3250.0
2016-01-01,PNADCT_RRETUF,2016-01-01T00:00:00-02:00,1,1,2016,3463.0
2016-01-01,PNADCT_RRETUF,2016-01-01T00:00:00-02:00,1,1,2016,3803.0
2016-01-01,PNADCT_RRETUF,2016-01-01T00:00:00-02:00,1,1,2016,2514.0
2016-01-01,PNADCT_RRETUF,2016-01-01T00:00:00-02:00,1,1,2016,2267.0
2016-01-01,PNADCT_RRETUF,2016-01-01T00:00:00-02:00,1,1,2016,3704.0
2016-01-01,PNADCT_RRETUF,2016-01-01T00:00:00-02:00,1,1,2016,4090.0
2016-01-01,PNADCT_RRETUF,2016-01-01T00:00:00-02:00,1,1,2016,2720.0
2016-01-01,PNADCT_RRETUF,2016-01-01T00:00:00-02:00,1,1,2016,2242.0
2016-01-01,PNADCT_RRETUF,2016-01-01T00:00:00-02:00,1,1,2016,2725.0
2016-01-01,PNADCT_RRETUF,2016-01-01T00:00:00-02:00,1,1,2016,3163.0
2016-01-01,PNADCT_RRETUF,2016-01-01T00:00:00-02:00,1,1,2016,2271.0
2016-01-01,PNADCT_RRETUF,2016-01-01T00:00:00-02:00,1,1,2016,2219.0
2016-01-01,PNADCT_RRETUF,2016-01-01T00:00:00-02:00,1,1,2016,6334.0
2016-01-01,PNADCT_RRETUF,2016-01-01T00:00:00-02:00,1,1,2016,3302.0
2016-01-01,PNADCT_RRETUF,2016-01-01T00:00:00-02:00,1,1,2016,3093.0
2016-01-01,PNADCT_RRETUF,2016-01-01T00:00:00-02:00,1,1,2016,1681.0
2016-01-01,PNADCT_RRETUF,2016-01-01T00:00:00-02:00,1,1,2016,3175.0
2016-01-01,PNADCT_RRETUF,2016-01-01T00:00:00-02:00,1,1,2016,3478.0
2016-01-01,PNADCT_RRETUF,2016-01-01T00:00:00-02:00,1,1,2016,3300.0
2016-01-01,PNADCT_RRETUF,2016-01-01T00:00:00-02:00,1,1,2016,2212.0
2016-01-01,PNADCT_RRETUF,2016-01-01T00:00:00-02:00,1,1,2016,2319.0
2016-01-01,PNADCT_RRETUF,2016-01-01T00:00:00-02:00,1,1,2016,2581.0
2016-01-01,PNADCT_RRETUF,2016-01-01T00:00:00-02:00,1,1,2016,2193.0
2016-01-01,PNADCT_RRETUF,2016-01-01T00:00:00-02:00,1,1,2016,3631.0
2016-01-01,PNADCT_RRETUF,2016-01-01T00:00:00-02:00,1,1,2016,3862.0
2016-01-01,PNADCT_RRETUF,2016-01-01T00:00:00-02:00,1,1,2016,2505.0
2016-01-01,PNADCT_RRETUF,2016-01-01T00:00:00-02:00,1,1,2016,2644.0
2016-01-01,PNADCT_RRETUF,2016-01-01T00:00:00-02:00,1,1,2016,3252.0
2016-01-01,PNADCT_RRETUF,2016-01-01T00:00:00-02:00,1,1,2016,3827.0
2016-01-01,PNADCT_RRETUF,2016-01-01T00:00:00-02:00,1,1,2016,3623.0
2016-01-01,PNADCT_RRETUF,2016-01-01T00:00:00-02:00,1,1,2016,2496.0
2016-01-01,PNADCT_RRETUF,2016-01-01T00:00:00-02:00,1,1,2016,4638.0
2016-01-01,PNADCT_RRETUF,2016-01-01T00:00:00-02:00,1,1,2016,2851.0
2016-04-01,PNADCT_RRETUF,2016-04-01T00:00:00-03:00,1,4,2016,2541.0
2016-04-01,PNADCT_RRETUF,2016-04-01T00:00:00-03:00,1,4,2016,4120.0
2016-04-01,PNADCT_RRETUF,2016-04-01T00:00:00-03:00,1,4,2016,2462.0
2016-04-01,PNADCT_RRETUF,2016-04-01T00:00:00-03:00,1,4,2016,3203.0
2016-04-01,PNADCT_RRETUF,2016-04-01T00:00:00-03:00,1,4,2016,3444.0
2016-04-01,PNADCT_RRETUF,2016-04-01T00:00:00-03:00,1,4,2016,3085.0
2016-04-01,PNADCT_RRETUF,2016-04-01T00:00:00-03:00,1,4,2016,2456.0
2016-04-01,PNADCT_RRETUF,2016-04-01T00:00:00-03:00,1,4,2016,2357.0
2016-04-01,PNADCT_RRETUF,2016-04-01T00:00:00-03:00,1,4,2016,3552.0
2016-04-01,PNADCT_RRETUF,2016-04-01T00:00:00-03:00,1,4,2016,3291.0
2016-04-01,PNADCT_RRETUF,2016-04-01T00:00:00-03:00,1,4,2016,2026.0
2016-04-01,PNADCT_RRETUF,2016-04-01T00:00:00-03:00,1,4,2016,2358.0
2016-04-01,PNADCT_RRETUF,2016-04-01T00:00:00-03:00,1,4,2016,2053.0
2016-04-01,PNADCT_RRETUF,2016-04-01T00:00:00-03:00,1,4,2016,2041.0
2016-04-01,PNADCT_RRETUF,2016-04-01T00:00:00-03:00,1,4,2016,3135.0
2016-04-01,PNADCT_RRETUF,2016-04-01T00:00:00-03:00,1,4,2016,2968.0
2016-04-01,PNADCT_RRETUF,2016-04-01T00:00:00-03:00,1,4,2016,2742.0
2016-04-01,PNADCT_RRETUF,2016-04-01T00:00:00-03:00,1,4,2016,1632.0
2016-04-01,PNADCT_RRETUF,2016-04-01T00:00:00-03:00,1,4,2016,2908.0
2016-04-01,PNADCT_RRETUF,2016-04-01T00:00:00-03:00,1,4,2016,2976.0
2016-04-01,PNADCT_RRETUF,2016-04-01T00:00:00-03:00,1,4,2016,5739.0
2016-04-01,PNADCT_RRETUF,2016-04-01T00:00:00-03:00,1,4,2016,2052.0
2016-04-01,PNADCT_RRETUF,2016-04-01T00:00:00-03:00,1,4,2016,1972.0
2016-04-01,PNADCT_RRETUF,2016-04-01T00:00:00-03:00,1,4,2016,3077.0
2016-04-01,PNADCT_RRETUF,2016-04-01T00:00:00-03:00,1,4,2016,2497.0
2016-04-01,PNADCT_RRETUF,2016-04-01T00:00:00-03:00,1,4,2016,2017.0
2016-04-01,PNADCT_RRETUF,2016-04-01T00:00:00-03:00,1,4,2016,2484.0
2016-04-01,PNADCT_RRETUF,2016-04-01T00:00:00-03:00,1,4,2016,3638.0
2016-04-01,PNADCT_RRETUF,2016-04-01T00:00:00-03:00,1,4,2016,3327.0
2016-04-01,PNADCT_RRETUF,2016-04-01T00:00:00-03:00,1,4,2016,2066.0
2016-04-01,PNADCT_RRETUF,2016-04-01T00:00:00-03:00,1,4,2016,2322.0
2016-04-01,PNADCT_RRETUF,2016-04-01T00:00:00-03:00,1,4,2016,3483.0
2016-04-01,PNADCT_RRETUF,2016-04-01T00:00:00-03:00,1,4,2016,3112.0
2016-07-01,PNADCT_RRETUF,2016-07-01T00:00:00-03:00,1,7,2016,3137.0
2016-07-01,PNADCT_RRETUF,2016-07-01T00:00:00-03:00,1,7,2016,3555.0
2016-07-01,PNADCT_RRETUF,2016-07-01T00:00:00-03:00,1,7,2016,2316.0
2016-07-01,PNADCT_RRETUF,2016-07-01T00:00:00-03:00,1,7,2016,2071.0
2016-07-01,PNADCT_RRETUF,2016-07-01T00:00:00-03:00,1,7,2016,3387.0
2016-07-01,PNADCT_RRETUF,2016-07-01T00:00:00-03:00,1,7,2016,3647.0
2016-07-01,PNADCT_RRETUF,2016-07-01T00:00:00-03:00,1,7,2016,2448.0
2016-07-01,PNADCT_RRETUF,2016-07-01T00:00:00-03:00,1,7,2016,2004.0
2016-07-01,PNADCT_RRETUF,2016-07-01T00:00:00-03:00,1,7,2016,2402.0
2016-07-01,PNADCT_RRETUF,2016-07-01T00:00:00-03:00,1,7,2016,3085.0
2016-07-01,PNADCT_RRETUF,2016-07-01T00:00:00-03:00,1,7,2016,1995.0
2016-07-01,PNADCT_RRETUF,2016-07-01T00:00:00-03:00,1,7,2016,1977.0
2016-07-01,PNADCT_RRETUF,2016-07-01T00:00:00-03:00,1,7,2016,5800.0
2016-07-01,PNADCT_RRETUF,2016-07-01T00:00:00-03:00,1,7,2016,2995.0
2016-07-01,PNADCT_RRETUF,2016-07-01T00:00:00-03:00,1,7,2016,2956.0
2016-07-01,PNADCT_RRETUF,2016-07-01T00:00:00-03:00,1,7,2016,1696.0
2016-07-01,PNADCT_RRETUF,2016-07-01T00:00:00-03:00,1,7,2016,2723.0
2016-07-01,PNADCT_RRETUF,2016-07-01T00:00:00-03:00,1,7,2016,3121.0
2016-07-01,PNADCT_RRETUF,2016-07-01T00:00:00-03:00,1,7,2016,3140.0
2016-07-01,PNADCT_RRETUF,2016-07-01T00:00:00-03:00,1,7,2016,2063.0
2016-07-01,PNADCT_RRETUF,2016-07-01T00:00:00-03:00,1,7,2016,2207.0
2016-07-01,PNADCT_RRETUF,2016-07-01T00:00:00-03:00,1,7,2016,2385.0
2016-07-01,PNADCT_RRETUF,2016-07-01T00:00:00-03:00,1,7,2016,1965.0
2016-07-01,PNADCT_RRETUF,2016-07-01T00:00:00-03:00,1,7,2016,3358.0
2016-07-01,PNADCT_RRETUF,2016-07-01T00:00:00-03:00,1,7,2016,3465.0
2016-07-01,PNADCT_RRETUF,2016-07-01T00:00:00-03:00,1,7,2016,2312.0
2016-07-01,PNADCT_RRETUF,2016-07-01T00:00:00-03:00,1,7,2016,2494.0
2016-07-01,PNADCT_RRETUF,2016-07-01T00:00:00-03:00,1,7,2016,3269.0
2016-07-01,PNADCT_RRETUF,2016-07-01T00:00:00-03:00,1,7,2016,3457.0
2016-07-01,PNADCT_RRETUF,2016-07-01T00:00:00-03:00,1,7,2016,3324.0
2016-07-01,PNADCT_RRETUF,2016-07-01T00:00:00-03:00,1,7,2016,2362.0
2016-07-01,PNADCT_RRETUF,2016-07-01T00:00:00-03:00,1,7,2016,4175.0
2016-07-01,PNADCT_RRETUF,2016-07-01T00:00:00-03:00,1,7,2016,2498.0
2016-10-01,PNADCT_RRETUF,2016-10-01T00:00:00-03:00,1,10,2016,2649.0
2016-10-01,PNADCT_RRETUF,2016-10-01T00:00:00-03:00,1,10,2016,4389.0
2016-10-01,PNADCT_RRETUF,2016-10-01T00:00:00-03:00,1,10,2016,2484.0
2016-10-01,PNADCT_RRETUF,2016-10-01T00:00:00-03:00,1,10,2016,3467.0
2016-10-01,PNADCT_RRETUF,2016-10-01T00:00:00-03:00,1,10,2016,3507.0
2016-10-01,PNADCT_RRETUF,2016-10-01T00:00:00-03:00,1,10,2016,3157.0
2016-10-01,PNADCT_RRETUF,2016-10-01T00:00:00-03:00,1,10,2016,2512.0
2016-10-01,PNADCT_RRETUF,2016-10-01T00:00:00-03:00,1,10,2016,2476.0
2016-10-01,PNADCT_RRETUF,2016-10-01T00:00:00-03:00,1,10,2016,3478.0
2016-10-01,PNADCT_RRETUF,2016-10-01T00:00:00-03:00,1,10,2016,3547.0
2016-10-01,PNADCT_RRETUF,2016-10-01T00:00:00-03:00,1,10,2016,1989.0
2016-10-01,PNADCT_RRETUF,2016-10-01T00:00:00-03:00,1,10,2016,2406.0
2016-10-01,PNADCT_RRETUF,2016-10-01T00:00:00-03:00,1,10,2016,2273.0
2016-10-01,PNADCT_RRETUF,2016-10-01T00:00:00-03:00,1,10,2016,2053.0
2016-10-01,PNADCT_RRETUF,2016-10-01T00:00:00-03:00,1,10,2016,3088.0
2016-10-01,PNADCT_RRETUF,2016-10-01T00:00:00-03:00,1,10,2016,3316.0
2016-10-01,PNADCT_RRETUF,2016-10-01T00:00:00-03:00,1,10,2016,2878.0
2016-10-01,PNADCT_RRETUF,2016-10-01T00:00:00-03:00,1,10,2016,1694.0
2016-10-01,PNADCT_RRETUF,2016-10-01T00:00:00-03:00,1,10,2016,3045.0
2016-10-01,PNADCT_RRETUF,2016-10-01T00:00:00-03:00,1,10,2016,3069.0
2016-10-01,PNADCT_RRETUF,2016-10-01T00:00:00-03:00,1,10,2016,5684.0
2016-10-01,PNADCT_RRETUF,2016-10-01T00:00:00-03:00,1,10,2016,2069.0
2016-10-01,PNADCT_RRETUF,2016-10-01T00:00:00-03:00,1,10,2016,2034.0
2016-10-01,PNADCT_RRETUF,2016-10-01T00:00:00-03:00,1,10,2016,3204.0
2016-10-01,PNADCT_RRETUF,2016-10-01T00:00:00-03:00,1,10,2016,2357.0
2016-10-01,PNADCT_RRETUF,2016-10-01T00:00:00-03:00,1,10,2016,2061.0
2016-10-01,PNADCT_RRETUF,2016-10-01T00:00:00-03:00,1,10,2016,2597.0
2016-10-01,PNADCT_RRETUF,2016-10-01T00:00:00-03:00,1,10,2016,3807.0
2016-10-01,PNADCT_RRETUF,2016-10-01T00:00:00-03:00,1,10,2016,3512.0
2016-10-01,PNADCT_RRETUF,2016-10-01T00:00:00-03:00,1,10,2016,2125.0
2016-10-01,PNADCT_RRETUF,2016-10-01T00:00:00-03:00,1,10,2016,2327.0
2016-10-01,PNADCT_RRETUF,2016-10-01T00:00:00-03:00,1,10,2016,3588.0
2016-10-01,PNADCT_RRETUF,2016-10-01T00:00:00-03:00,1,10,2016,3248.0
2017-01-01,PNADCT_RRETUF,2017-01-01T00:00:00-02:00,1,1,2017,3503.0
2017-01-01,PNADCT_RRETUF,2017-01-01T00:00:00-02:00,1,1,2017,3900.0
2017-01-01,PNADCT_RRETUF,2017-01-01T00:00:00-02:00,1,1,2017,2550.0
2017-01-01,PNADCT_RRETUF,2017-01-01T00:00:00-02:00,1,1,2017,2346.0
2017-01-01,PNADCT_RRETUF,2017-01-01T00:00:00-02:00,1,1,2017,3808.0
2017-01-01,PNADCT_RRETUF,2017-01-01T00:00:00-02:00,1,1,2017,4050.0
2017-01-01,PNADCT_RRETUF,2017-01-01T00:00:00-02:00,1,1,2017,2884.0
2017-01-01,PNADCT_RRETUF,2017-01-01T00:00:00-02:00,1,1,2017,2160.0
2017-01-01,PNADCT_RRETUF,2017-01-01T00:00:00-02:00,1,1,2017,2599.0
2017-01-01,PNADCT_RRETUF,2017-01-01T00:00:00-02:00,1,1,2017,3509.0
2017-01-01,PNADCT_RRETUF,2017-01-01T00:00:00-02:00,1,1,2017,2331.0
2017-01-01,PNADCT_RRETUF,2017-01-01T00:00:00-02:00,1,1,2017,2207.0
2017-01-01,PNADCT_RRETUF,2017-01-01T00:00:00-02:00,1,1,2017,6029.0
2017-01-01,PNADCT_RRETUF,2017-01-01T00:00:00-02:00,1,1,2017,3353.0
2017-01-01,PNADCT_RRETUF,2017-01-01T00:00:00-02:00,1,1,2017,3288.0
2017-01-01,PNADCT_RRETUF,2017-01-01T00:00:00-02:00,1,1,2017,1836.0
2017-01-01,PNADCT_RRETUF,2017-01-01T00:00:00-02:00,1,1,2017,3009.0
2017-01-01,PNADCT_RRETUF,2017-01-01T00:00:00-02:00,1,1,2017,3590.0
2017-01-01,PNADCT_RRETUF,2017-01-01T00:00:00-02:00,1,1,2017,3507.0
2017-01-01,PNADCT_RRETUF,2017-01-01T00:00:00-02:00,1,1,2017,2306.0
2017-01-01,PNADCT_RRETUF,2017-01-01T00:00:00-02:00,1,1,2017,2531.0
2017-01-01,PNADCT_RRETUF,2017-01-01T00:00:00-02:00,1,1,2017,2636.0
2017-01-01,PNADCT_RRETUF,2017-01-01T00:00:00-02:00,1,1,2017,2256.0
2017-01-01,PNADCT_RRETUF,2017-01-01T00:00:00-02:00,1,1,2017,3776.0
2017-01-01,PNADCT_RRETUF,2017-01-01T00:00:00-02:00,1,1,2017,3716.0
2017-01-01,PNADCT_RRETUF,2017-01-01T00:00:00-02:00,1,1,2017,2722.0
2017-01-01,PNADCT_RRETUF,2017-01-01T00:00:00-02:00,1,1,2017,2611.0
2017-01-01,PNADCT_RRETUF,2017-01-01T00:00:00-02:00,1,1,2017,3365.0
2017-01-01,PNADCT_RRETUF,2017-01-01T00:00:00-02:00,1,1,2017,3873.0
2017-01-01,PNADCT_RRETUF,2017-01-01T00:00:00-02:00,1,1,2017,3756.0
2017-01-01,PNADCT_RRETUF,2017-01-01T00:00:00-02:00,1,1,2017,2707.0
2017-01-01,PNADCT_RRETUF,2017-01-01T00:00:00-02:00,1,1,2017,4673.0
2017-01-01,PNADCT_RRETUF,2017-01-01T00:00:00-02:00,1,1,2017,2745.0
2017-04-01,PNADCT_RRETUF,2017-04-01T00:00:00-03:00,1,4,2017,2640.0
2017-04-01,PNADCT_RRETUF,2017-04-01T00:00:00-03:00,1,4,2017,4138.0
2017-04-01,PNADCT_RRETUF,2017-04-01T00:00:00-03:00,1,4,2017,2372.0
2017-04-01,PNADCT_RRETUF,2017-04-01T00:00:00-03:00,1,4,2017,3436.0
2017-04-01,PNADCT_RRETUF,2017-04-01T00:00:00-03:00,1,4,2017,3485.0
2017-04-01,PNADCT_RRETUF,2017-04-01T00:00:00-03:00,1,4,2017,3021.0
2017-04-01,PNADCT_RRETUF,2017-04-01T00:00:00-03:00,1,4,2017,2500.0
2017-04-01,PNADCT_RRETUF,2017-04-01T00:00:00-03:00,1,4,2017,2318.0
2017-04-01,PNADCT_RRETUF,2017-04-01T00:00:00-03:00,1,4,2017,3357.0
2017-04-01,PNADCT_RRETUF,2017-04-01T00:00:00-03:00,1,4,2017,3394.0
2017-04-01,PNADCT_RRETUF,2017-04-01T00:00:00-03:00,1,4,2017,2020.0
2017-04-01,PNADCT_RRETUF,2017-04-01T00:00:00-03:00,1,4,2017,2449.0
2017-04-01,PNADCT_RRETUF,2017-04-01T00:00:00-03:00,1,4,2017,2255.0
2017-04-01,PNADCT_RRETUF,2017-04-01T00:00:00-03:00,1,4,2017,2008.0
2017-04-01,PNADCT_RRETUF,2017-04-01T00:00:00-03:00,1,4,2017,3191.0
2017-04-01,PNADCT_RRETUF,2017-04-01T00:00:00-03:00,1,4,2017,3196.0
2017-04-01,PNADCT_RRETUF,2017-04-01T00:00:00-03:00,1,4,2017,2712.0
2017-04-01,PNADCT_RRETUF,2017-04-01T00:00:00-03:00,1,4,2017,1817.0
2017-04-01,PNADCT_RRETUF,2017-04-01T00:00:00-03:00,1,4,2017,2991.0
2017-04-01,PNADCT_RRETUF,2017-04-01T00:00:00-03:00,1,4,2017,3045.0
2017-04-01,PNADCT_RRETUF,2017-04-01T00:00:00-03:00,1,4,2017,5629.0
2017-04-01,PNADCT_RRETUF,2017-04-01T00:00:00-03:00,1,4,2017,2037.0
2017-04-01,PNADCT_RRETUF,2017-04-01T00:00:00-03:00,1,4,2017,2117.0
2017-04-01,PNADCT_RRETUF,2017-04-01T00:00:00-03:00,1,4,2017,3327.0
2017-04-01,PNADCT_RRETUF,2017-04-01T00:00:00-03:00,1,4,2017,2554.0
2017-04-01,PNADCT_RRETUF,2017-04-01T00:00:00-03:00,1,4,2017,1961.0
2017-04-01,PNADCT_RRETUF,2017-04-01T00:00:00-03:00,1,4,2017,2546.0
2017-04-01,PNADCT_RRETUF,2017-04-01T00:00:00-03:00,1,4,2017,3610.0
2017-04-01,PNADCT_RRETUF,2017-04-01T00:00:00-03:00,1,4,2017,3438.0
2017-04-01,PNADCT_RRETUF,2017-04-01T00:00:00-03:00,1,4,2017,2144.0
2017-04-01,PNADCT_RRETUF,2017-04-01T00:00:00-03:00,1,4,2017,2342.0
2017-04-01,PNADCT_RRETUF,2017-04-01T00:00:00-03:00,1,4,2017,3551.0
2017-04-01,PNADCT_RRETUF,2017-04-01T00:00:00-03:00,1,4,2017,3153.0
2017-07-01,PNADCT_RRETUF,2017-07-01T00:00:00-03:00,1,7,2017,3189.0
2017-07-01,PNADCT_RRETUF,2017-07-01T00:00:00-03:00,1,7,2017,3601.0
2017-07-01,PNADCT_RRETUF,2017-07-01T00:00:00-03:00,1,7,2017,2415.0
2017-07-01,PNADCT_RRETUF,2017-07-01T00:00:00-03:00,1,7,2017,2139.0
2017-07-01,PNADCT_RRETUF,2017-07-01T00:00:00-03:00,1,7,2017,3484.0
2017-07-01,PNADCT_RRETUF,2017-07-01T00:00:00-03:00,1,7,2017,3655.0
2017-07-01,PNADCT_RRETUF,2017-07-01T00:00:00-03:00,1,7,2017,2531.0
2017-07-01,PNADCT_RRETUF,2017-07-01T00:00:00-03:00,1,7,2017,1907.0
2017-07-01,PNADCT_RRETUF,2017-07-01T00:00:00-03:00,1,7,2017,2604.0
2017-07-01,PNADCT_RRETUF,2017-07-01T00:00:00-03:00,1,7,2017,3425.0
2017-07-01,PNADCT_RRETUF,2017-07-01T00:00:00-03:00,1,7,2017,2027.0
2017-07-01,PNADCT_RRETUF,2017-07-01T00:00:00-03:00,1,7,2017,2097.0
2017-07-01,PNADCT_RRETUF,2017-07-01T00:00:00-03:00,1,7,2017,5694.0
2017-07-01,PNADCT_RRETUF,2017-07-01T00:00:00-03:00,1,7,2017,3009.0
2017-07-01,PNADCT_RRETUF,2017-07-01T00:00:00-03:00,1,7,2017,3023.0
2017-07-01,PNADCT_RRETUF,2017-07-01T00:00:00-03:00,1,7,2017,1882.0
2017-07-01,PNADCT_RRETUF,2017-07-01T00:00:00-03:00,1,7,2017,2792.0
2017-07-01,PNADCT_RRETUF,2017-07-01T00:00:00-03:00,1,7,2017,3286.0
2017-07-01,PNADCT_RRETUF,2017-07-01T00:00:00-03:00,1,7,2017,3276.0
2017-07-01,PNADCT_RRETUF,2017-07-01T00:00:00-03:00,1,7,2017,2110.0
2017-07-01,PNADCT_RRETUF,2017-07-01T00:00:00-03:00,1,7,2017,2271.0
2017-07-01,PNADCT_RRETUF,2017-07-01T00:00:00-03:00,1,7,2017,2513.0
2017-07-01,PNADCT_RRETUF,2017-07-01T00:00:00-03:00,1,7,2017,2003.0
2017-07-01,PNADCT_RRETUF,2017-07-01T00:00:00-03:00,1,7,2017,3432.0
2017-07-01,PNADCT_RRETUF,2017-07-01T00:00:00-03:00,1,7,2017,3406.0
2017-07-01,PNADCT_RRETUF,2017-07-01T00:00:00-03:00,1,7,2017,2294.0
2017-07-01,PNADCT_RRETUF,2017-07-01T00:00:00-03:00,1,7,2017,2608.0
2017-07-01,PNADCT_RRETUF,2017-07-01T00:00:00-03:00,1,7,2017,3180.0
2017-07-01,PNADCT_RRETUF,2017-07-01T00:00:00-03:00,1,7,2017,3517.0
2017-07-01,PNADCT_RRETUF,2017-07-01T00:00:00-03:00,1,7,2017,3510.0
2017-07-01,PNADCT_RRETUF,2017-07-01T00:00:00-03:00,1,7,2017,2283.0
2017-07-01,PNADCT_RRETUF,2017-07-01T00:00:00-03:00,1,7,2017,4172.0
2017-07-01,PNADCT_RRETUF,2017-07-01T00:00:00-03:00,1,7,2017,2599.0
2017-10-01,PNADCT_RRETUF,2017-10-01T00:00:00-03:00,1,10,2017,2674.0
2017-10-01,PNADCT_RRETUF,2017-10-01T00:00:00-03:00,1,10,2017,4349.0
2017-10-01,PNADCT_RRETUF,2017-10-01T00:00:00-03:00,1,10,2017,2230.0
2017-10-01,PNADCT_RRETUF,2017-10-01T00:00:00-03:00,1,10,2017,3653.0
2017-10-01,PNADCT_RRETUF,2017-10-01T00:00:00-03:00,1,10,2017,3522.0
2017-10-01,PNADCT_RRETUF,2017-10-01T00:00:00-03:00,1,10,2017,3133.0
2017-10-01,PNADCT_RRETUF,2017-10-01T00:00:00-03:00,1,10,2017,2667.0
2017-10-01,PNADCT_RRETUF,2017-10-01T00:00:00-03:00,1,10,2017,2242.0
2017-10-01,PNADCT_RRETUF,2017-10-01T00:00:00-03:00,1,10,2017,3469.0
2017-10-01,PNADCT_RRETUF,2017-10-01T00:00:00-03:00,1,10,2017,3572.0
2017-10-01,PNADCT_RRETUF,2017-10-01T00:00:00-03:00,1,10,2017,2011.0
2017-10-01,PNADCT_RRETUF,2017-10-01T00:00:00-03:00,1,10,2017,2405.0
2017-10-01,PNADCT_RRETUF,2017-10-01T00:00:00-03:00,1,10,2017,2433.0
2017-10-01,PNADCT_RRETUF,2017-10-01T00:00:00-03:00,1,10,2017,2091.0
2017-10-01,PNADCT_RRETUF,2017-10-01T00:00:00-03:00,1,10,2017,3286.0
2017-10-01,PNADCT_RRETUF,2017-10-01T00:00:00-03:00,1,10,2017,3287.0
2017-10-01,PNADCT_RRETUF,2017-10-01T00:00:00-03:00,1,10,2017,2918.0
2017-10-01,PNADCT_RRETUF,2017-10-01T00:00:00-03:00,1,10,2017,1894.0
2017-10-01,PNADCT_RRETUF,2017-10-01T00:00:00-03:00,1,10,2017,3203.0
2017-10-01,PNADCT_RRETUF,2017-10-01T00:00:00-03:00,1,10,2017,3112.0
2017-10-01,PNADCT_RRETUF,2017-10-01T00:00:00-03:00,1,10,2017,6026.0
2017-10-01,PNADCT_RRETUF,2017-10-01T00:00:00-03:00,1,10,2017,2209.0
2017-10-01,PNADCT_RRETUF,2017-10-01T00:00:00-03:00,1,10,2017,2308.0
2017-10-01,PNADCT_RRETUF,2017-10-01T00:00:00-03:00,1,10,2017,2939.0
2017-10-01,PNADCT_RRETUF,2017-10-01T00:00:00-03:00,1,10,2017,2840.0
2017-10-01,PNADCT_RRETUF,2017-10-01T00:00:00-03:00,1,10,2017,2030.0
2017-10-01,PNADCT_RRETUF,2017-10-01T00:00:00-03:00,1,10,2017,2471.0
2017-10-01,PNADCT_RRETUF,2017-10-01T00:00:00-03:00,1,10,2017,3791.0
2017-10-01,PNADCT_RRETUF,2017-10-01T00:00:00-03:00,1,10,2017,3574.0
2017-10-01,PNADCT_RRETUF,2017-10-01T00:00:00-03:00,1,10,2017,2234.0
2017-10-01,PNADCT_RRETUF,2017-10-01T00:00:00-03:00,1,10,2017,2443.0
2017-10-01,PNADCT_RRETUF,2017-10-01T00:00:00-03:00,1,10,2017,3739.0
2017-10-01,PNADCT_RRETUF,2017-10-01T00:00:00-03:00,1,10,2017,3296.0
2018-01-01,PNADCT_RRETUF,2018-01-01T00:00:00-02:00,1,1,2018,3527.0
2018-01-01,PNADCT_RRETUF,2018-01-01T00:00:00-02:00,1,1,2018,3977.0
2018-01-01,PNADCT_RRETUF,2018-01-01T00:00:00-02:00,1,1,2018,2623.0
2018-01-01,PNADCT_RRETUF,2018-01-01T00:00:00-02:00,1,1,2018,2383.0
2018-01-01,PNADCT_RRETUF,2018-01-01T00:00:00-02:00,1,1,2018,3824.0
2018-01-01,PNADCT_RRETUF,2018-01-01T00:00:00-02:00,1,1,2018,4051.0
2018-01-01,PNADCT_RRETUF,2018-01-01T00:00:00-02:00,1,1,2018,2670.0
2018-01-01,PNADCT_RRETUF,2018-01-01T00:00:00-02:00,1,1,2018,2204.0
2018-01-01,PNADCT_RRETUF,2018-01-01T00:00:00-02:00,1,1,2018,2550.0
2018-01-01,PNADCT_RRETUF,2018-01-01T00:00:00-02:00,1,1,2018,3231.0
2018-01-01,PNADCT_RRETUF,2018-01-01T00:00:00-02:00,1,1,2018,2439.0
2018-01-01,PNADCT_RRETUF,2018-01-01T00:00:00-02:00,1,1,2018,2296.0
2018-01-01,PNADCT_RRETUF,2018-01-01T00:00:00-02:00,1,1,2018,6312.0
2018-01-01,PNADCT_RRETUF,2018-01-01T00:00:00-02:00,1,1,2018,3226.0
2018-01-01,PNADCT_RRETUF,2018-01-01T00:00:00-02:00,1,1,2018,3282.0
2018-01-01,PNADCT_RRETUF,2018-01-01T00:00:00-02:00,1,1,2018,1907.0
2018-01-01,PNADCT_RRETUF,2018-01-01T00:00:00-02:00,1,1,2018,3140.0
2018-01-01,PNADCT_RRETUF,2018-01-01T00:00:00-02:00,1,1,2018,3724.0
2018-01-01,PNADCT_RRETUF,2018-01-01T00:00:00-02:00,1,1,2018,3625.0
2018-01-01,PNADCT_RRETUF,2018-01-01T00:00:00-02:00,1,1,2018,2430.0
2018-01-01,PNADCT_RRETUF,2018-01-01T00:00:00-02:00,1,1,2018,2559.0
2018-01-01,PNADCT_RRETUF,2018-01-01T00:00:00-02:00,1,1,2018,2637.0
2018-01-01,PNADCT_RRETUF,2018-01-01T00:00:00-02:00,1,1,2018,2163.0
2018-01-01,PNADCT_RRETUF,2018-01-01T00:00:00-02:00,1,1,2018,3768.0
2018-01-01,PNADCT_RRETUF,2018-01-01T00:00:00-02:00,1,1,2018,3754.0
2018-01-01,PNADCT_RRETUF,2018-01-01T00:00:00-02:00,1,1,2018,2547.0
2018-01-01,PNADCT_RRETUF,2018-01-01T00:00:00-02:00,1,1,2018,2901.0
2018-01-01,PNADCT_RRETUF,2018-01-01T00:00:00-02:00,1,1,2018,3408.0
2018-01-01,PNADCT_RRETUF,2018-01-01T00:00:00-02:00,1,1,2018,3873.0
2018-01-01,PNADCT_RRETUF,2018-01-01T00:00:00-02:00,1,1,2018,3832.0
2018-01-01,PNADCT_RRETUF,2018-01-01T00:00:00-02:00,1,1,2018,2531.0
2018-01-01,PNADCT_RRETUF,2018-01-01T00:00:00-02:00,1,1,2018,4624.0
2018-01-01,PNADCT_RRETUF,2018-01-01T00:00:00-02:00,1,1,2018,2893.0
2018-04-01,PNADCT_RRETUF,2018-04-01T00:00:00-03:00,1,4,2018,2683.0
2018-04-01,PNADCT_RRETUF,2018-04-01T00:00:00-03:00,1,4,2018,4217.0
2018-04-01,PNADCT_RRETUF,2018-04-01T00:00:00-03:00,1,4,2018,2192.0
2018-04-01,PNADCT_RRETUF,2018-04-01T00:00:00-03:00,1,4,2018,3491.0
2018-04-01,PNADCT_RRETUF,2018-04-01T00:00:00-03:00,1,4,2018,3550.0
2018-04-01,PNADCT_RRETUF,2018-04-01T00:00:00-03:00,1,4,2018,3115.0
2018-04-01,PNADCT_RRETUF,2018-04-01T00:00:00-03:00,1,4,2018,2728.0
2018-04-01,PNADCT_RRETUF,2018-04-01T00:00:00-03:00,1,4,2018,2372.0
2018-04-01,PNADCT_RRETUF,2018-04-01T00:00:00-03:00,1,4,2018,3609.0
2018-04-01,PNADCT_RRETUF,2018-04-01T00:00:00-03:00,1,4,2018,3457.0
2018-04-01,PNADCT_RRETUF,2018-04-01T00:00:00-03:00,1,4,2018,1957.0
2018-04-01,PNADCT_RRETUF,2018-04-01T00:00:00-03:00,1,4,2018,2471.0
2018-04-01,PNADCT_RRETUF,2018-04-01T00:00:00-03:00,1,4,2018,2385.0
2018-04-01,PNADCT_RRETUF,2018-04-01T00:00:00-03:00,1,4,2018,2112.0
2018-04-01,PNADCT_RRETUF,2018-04-01T00:00:00-03:00,1,4,2018,3267.0
2018-04-01,PNADCT_RRETUF,2018-04-01T00:00:00-03:00,1,4,2018,3275.0
2018-04-01,PNADCT_RRETUF,2018-04-01T00:00:00-03:00,1,4,2018,2824.0
2018-04-01,PNADCT_RRETUF,2018-04-01T00:00:00-03:00,1,4,2018,1850.0
2018-04-01,PNADCT_RRETUF,2018-04-01T00:00:00-03:00,1,4,2018,3006.0
2018-04-01,PNADCT_RRETUF,2018-04-01T00:00:00-03:00,1,4,2018,2896.0
2018-04-01,PNADCT_RRETUF,2018-04-01T00:00:00-03:00,1,4,2018,5672.0
2018-04-01,PNADCT_RRETUF,2018-04-01T00:00:00-03:00,1,4,2018,2167.0
2018-04-01,PNADCT_RRETUF,2018-04-01T00:00:00-03:00,1,4,2018,2160.0
2018-04-01,PNADCT_RRETUF,2018-04-01T00:00:00-03:00,1,4,2018,2842.0
2018-04-01,PNADCT_RRETUF,2018-04-01T00:00:00-03:00,1,4,2018,2438.0
2018-04-01,PNADCT_RRETUF,2018-04-01T00:00:00-03:00,1,4,2018,2135.0
2018-04-01,PNADCT_RRETUF,2018-04-01T00:00:00-03:00,1,4,2018,2423.0
2018-04-01,PNADCT_RRETUF,2018-04-01T00:00:00-03:00,1,4,2018,3712.0
2018-04-01,PNADCT_RRETUF,2018-04-01T00:00:00-03:00,1,4,2018,3500.0
2018-04-01,PNADCT_RRETUF,2018-04-01T00:00:00-03:00,1,4,2018,2199.0
2018-04-01,PNADCT_RRETUF,2018-04-01T00:00:00-03:00,1,4,2018,2373.0
2018-04-01,PNADCT_RRETUF,2018-04-01T00:00:00-03:00,1,4,2018,3592.0
2018-04-01,PNADCT_RRETUF,2018-04-01T00:00:00-03:00,1,4,2018,3228.0
2018-07-01,PNADCT_RRETUF,2018-07-01T00:00:00-03:00,1,7,2018,3232.0
2018-07-01,PNADCT_RRETUF,2018-07-01T00:00:00-03:00,1,7,2018,3580.0
2018-07-01,PNADCT_RRETUF,2018-07-01T00:00:00-03:00,1,7,2018,2419.0
2018-07-01,PNADCT_RRETUF,2018-07-01T00:00:00-03:00,1,7,2018,2213.0
2018-07-01,PNADCT_RRETUF,2018-07-01T00:00:00-03:00,1,7,2018,3462.0
2018-07-01,PNADCT_RRETUF,2018-07-01T00:00:00-03:00,1,7,2018,3727.0
2018-07-01,PNADCT_RRETUF,2018-07-01T00:00:00-03:00,1,7,2018,2551.0
2018-07-01,PNADCT_RRETUF,2018-07-01T00:00:00-03:00,1,7,2018,2109.0
2018-07-01,PNADCT_RRETUF,2018-07-01T00:00:00-03:00,1,7,2018,2386.0
2018-07-01,PNADCT_RRETUF,2018-07-01T00:00:00-03:00,1,7,2018,2701.0
2018-07-01,PNADCT_RRETUF,2018-07-01T00:00:00-03:00,1,7,2018,2173.0
2018-07-01,PNADCT_RRETUF,2018-07-01T00:00:00-03:00,1,7,2018,2271.0
2018-07-01,PNADCT_RRETUF,2018-07-01T00:00:00-03:00,1,7,2018,5614.0
2018-07-01,PNADCT_RRETUF,2018-07-01T00:00:00-03:00,1,7,2018,3036.0
2018-07-01,PNADCT_RRETUF,2018-07-01T00:00:00-03:00,1,7,2018,2984.0
2018-07-01,PNADCT_RRETUF,2018-07-01T00:00:00-03:00,1,7,2018,1900.0
2018-07-01,PNADCT_RRETUF,2018-07-01T00:00:00-03:00,1,7,2018,2803.0
2018-07-01,PNADCT_RRETUF,2018-07-01T00:00:00-03:00,1,7,2018,3293.0
2018-07-01,PNADCT_RRETUF,2018-07-01T00:00:00-03:00,1,7,2018,3288.0
2018-07-01,PNADCT_RRETUF,2018-07-01T00:00:00-03:00,1,7,2018,2157.0
2018-07-01,PNADCT_RRETUF,2018-07-01T00:00:00-03:00,1,7,2018,2378.0
2018-07-01,PNADCT_RRETUF,2018-07-01T00:00:00-03:00,1,7,2018,2406.0
2018-07-01,PNADCT_RRETUF,2018-07-01T00:00:00-03:00,1,7,2018,1956.0
2018-07-01,PNADCT_RRETUF,2018-07-01T00:00:00-03:00,1,7,2018,3466.0
2018-07-01,PNADCT_RRETUF,2018-07-01T00:00:00-03:00,1,7,2018,3670.0
2018-07-01,PNADCT_RRETUF,2018-07-01T00:00:00-03:00,1,7,2018,2304.0
2018-07-01,PNADCT_RRETUF,2018-07-01T00:00:00-03:00,1,7,2018,2909.0
2018-07-01,PNADCT_RRETUF,2018-07-01T00:00:00-03:00,1,7,2018,3258.0
2018-07-01,PNADCT_RRETUF,2018-07-01T00:00:00-03:00,1,7,2018,3419.0
2018-07-01,PNADCT_RRETUF,2018-07-01T00:00:00-03:00,1,7,2018,3516.0
2018-07-01,PNADCT_RRETUF,2018-07-01T00:00:00-03:00,1,7,2018,2318.0
2018-07-01,PNADCT_RRETUF,2018-07-01T00:00:00-03:00,1,7,2018,4221.0
2018-07-01,PNADCT_RRETUF,2018-07-01T00:00:00-03:00,1,7,2018,2786.0
2018-10-01,PNADCT_RRETUF,2018-10-01T00:00:00-03:00,1,10,2018,2694.0
2018-10-01,PNADCT_RRETUF,2018-10-01T00:00:00-03:00,1,10,2018,4402.0
2018-10-01,PNADCT_RRETUF,2018-10-01T00:00:00-03:00,1,10,2018,2321.0
2018-10-01,PNADCT_RRETUF,2018-10-01T00:00:00-03:00,1,10,2018,3669.0
2018-10-01,PNADCT_RRETUF,2018-10-01T00:00:00-03:00,1,10,2018,3533.0
2018-10-01,PNADCT_RRETUF,2018-10-01T00:00:00-03:00,1,10,2018,3090.0
2018-10-01,PNADCT_RRETUF,2018-10-01T00:00:00-03:00,1,10,2018,2796.0
2018-10-01,PNADCT_RRETUF,2018-10-01T00:00:00-03:00,1,10,2018,2383.0
2018-10-01,PNADCT_RRETUF,2018-10-01T00:00:00-03:00,1,10,2018,3764.0
2018-10-01,PNADCT_RRETUF,2018-10-01T00:00:00-03:00,1,10,2018,3627.0
2018-10-01,PNADCT_RRETUF,2018-10-01T00:00:00-03:00,1,10,2018,2053.0
2018-10-01,PNADCT_RRETUF,2018-10-01T00:00:00-03:00,1,10,2018,2422.0
2018-10-01,PNADCT_RRETUF,2018-10-01T00:00:00-03:00,1,10,2018,2432.0
2018-10-01,PNADCT_RRETUF,2018-10-01T00:00:00-03:00,1,10,2018,2157.0
2018-10-01,PNADCT_RRETUF,2018-10-01T00:00:00-03:00,1,10,2018,3394.0
2018-10-01,PNADCT_RRETUF,2018-10-01T00:00:00-03:00,1,10,2018,3435.0
2018-10-01,PNADCT_RRETUF,2018-10-01T00:00:00-03:00,1,10,2018,2850.0
2018-10-01,PNADCT_RRETUF,2018-10-01T00:00:00-03:00,1,10,2018,1965.0
2018-10-01,PNADCT_RRETUF,2018-10-01T00:00:00-03:00,1,10,2018,3126.0
2018-10-01,PNADCT_RRETUF,2018-10-01T00:00:00-03:00,1,10,2018,3177.0
2018-10-01,PNADCT_RRETUF,2018-10-01T00:00:00-03:00,1,10,2018,5892.0
2018-10-01,PNADCT_RRETUF,2018-10-01T00:00:00-03:00,1,10,2018,2223.0
2018-10-01,PNADCT_RRETUF,2018-10-01T00:00:00-03:00,1,10,2018,2262.0
2018-10-01,PNADCT_RRETUF,2018-10-01T00:00:00-03:00,1,10,2018,2695.0
2018-10-01,PNADCT_RRETUF,2018-10-01T00:00:00-03:00,1,10,2018,2321.0
2018-10-01,PNADCT_RRETUF,2018-10-01T00:00:00-03:00,1,10,2018,2276.0
2018-10-01,PNADCT_RRETUF,2018-10-01T00:00:00-03:00,1,10,2018,2562.0
2018-10-01,PNADCT_RRETUF,2018-10-01T00:00:00-03:00,1,10,2018,3861.0
2018-10-01,PNADCT_RRETUF,2018-10-01T00:00:00-03:00,1,10,2018,3603.0
2018-10-01,PNADCT_RRETUF,2018-10-01T00:00:00-03:00,1,10,2018,2262.0
2018-10-01,PNADCT_RRETUF,2018-10-01T00:00:00-03:00,1,10,2018,2379.0
2018-10-01,PNADCT_RRETUF,2018-10-01T00:00:00-03:00,1,10,2018,3738.0
2018-10-01,PNADCT_RRETUF,2018-10-01T00:00:00-03:00,1,10,2018,3337.0
2019-01-01,PNADCT_RRETUF,2019-01-01T00:00:00-02:00,1,1,2019,3576.0
2019-01-01,PNADCT_RRETUF,2019-01-01T00:00:00-02:00,1,1,2019,3997.0
2019-01-01,PNADCT_RRETUF,2019-01-01T00:00:00-02:00,1,1,2019,2540.0
2019-01-01,PNADCT_RRETUF,2019-01-01T00:00:00-02:00,1,1,2019,2409.0
2019-01-01,PNADCT_RRETUF,2019-01-01T00:00:00-02:00,1,1,2019,3937.0
2019-01-01,PNADCT_RRETUF,2019-01-01T00:00:00-02:00,1,1,2019,4113.0
2019-01-01,PNADCT_RRETUF,2019-01-01T00:00:00-02:00,1,1,2019,2908.0
2019-01-01,PNADCT_RRETUF,2019-01-01T00:00:00-02:00,1,1,2019,2339.0
2019-01-01,PNADCT_RRETUF,2019-01-01T00:00:00-02:00,1,1,2019,2476.0
2019-01-01,PNADCT_RRETUF,2019-01-01T00:00:00-02:00,1,1,2019,2738.0
2019-01-01,PNADCT_RRETUF,2019-01-01T00:00:00-02:00,1,1,2019,2329.0
2019-01-01,PNADCT_RRETUF,2019-01-01T00:00:00-02:00,1,1,2019,2392.0
2019-01-01,PNADCT_RRETUF,2019-01-01T00:00:00-02:00,1,1,2019,6442.0
2019-01-01,PNADCT_RRETUF,2019-01-01T00:00:00-02:00,1,1,2019,3342.0
2019-01-01,PNADCT_RRETUF,2019-01-01T00:00:00-02:00,1,1,2019,3259.0
2019-01-01,PNADCT_RRETUF,2019-01-01T00:00:00-02:00,1,1,2019,2044.0
2019-01-01,PNADCT_RRETUF,2019-01-01T00:00:00-02:00,1,1,2019,3014.0
2019-01-01,PNADCT_RRETUF,2019-01-01T00:00:00-02:00,1,1,2019,3887.0
2019-01-01,PNADCT_RRETUF,2019-01-01T00:00:00-02:00,1,1,2019,3512.0
2019-01-01,PNADCT_RRETUF,2019-01-01T00:00:00-02:00,1,1,2019,2349.0
2019-01-01,PNADCT_RRETUF,2019-01-01T00:00:00-02:00,1,1,2019,2562.0
2019-01-01,PNADCT_RRETUF,2019-01-01T00:00:00-02:00,1,1,2019,2687.0
2019-01-01,PNADCT_RRETUF,2019-01-01T00:00:00-02:00,1,1,2019,2276.0
2019-01-01,PNADCT_RRETUF,2019-01-01T00:00:00-02:00,1,1,2019,4013.0
2019-01-01,PNADCT_RRETUF,2019-01-01T00:00:00-02:00,1,1,2019,4202.0
2019-01-01,PNADCT_RRETUF,2019-01-01T00:00:00-02:00,1,1,2019,2602.0
2019-01-01,PNADCT_RRETUF,2019-01-01T00:00:00-02:00,1,1,2019,2793.0
2019-01-01,PNADCT_RRETUF,2019-01-01T00:00:00-02:00,1,1,2019,3281.0
2019-01-01,PNADCT_RRETUF,2019-01-01T00:00:00-02:00,1,1,2019,3914.0
2019-01-01,PNADCT_RRETUF,2019-01-01T00:00:00-02:00,1,1,2019,3859.0
2019-01-01,PNADCT_RRETUF,2019-01-01T00:00:00-02:00,1,1,2019,2478.0
2019-01-01,PNADCT_RRETUF,2019-01-01T00:00:00-02:00,1,1,2019,4629.0
2019-01-01,PNADCT_RRETUF,2019-01-01T00:00:00-02:00,1,1,2019,2863.0
2019-04-01,PNADCT_RRETUF,2019-04-01T00:00:00-03:00,1,4,2019,2606.0
2019-04-01,PNADCT_RRETUF,2019-04-01T00:00:00-03:00,1,4,2019,4176.0
2019-04-01,PNADCT_RRETUF,2019-04-01T00:00:00-03:00,1,4,2019,2158.0
2019-04-01,PNADCT_RRETUF,2019-04-01T00:00:00-03:00,1,4,2019,3496.0
2019-04-01,PNADCT_RRETUF,2019-04-01T00:00:00-03:00,1,4,2019,3498.0
2019-04-01,PNADCT_RRETUF,2019-04-01T00:00:00-03:00,1,4,2019,3203.0
2019-04-01,PNADCT_RRETUF,2019-04-01T00:00:00-03:00,1,4,2019,2753.0
2019-04-01,PNADCT_RRETUF,2019-04-01T00:00:00-03:00,1,4,2019,2368.0
2019-04-01,PNADCT_RRETUF,2019-04-01T00:00:00-03:00,1,4,2019,3735.0
2019-04-01,PNADCT_RRETUF,2019-04-01T00:00:00-03:00,1,4,2019,3502.0
2019-04-01,PNADCT_RRETUF,2019-04-01T00:00:00-03:00,1,4,2019,2000.0
2019-04-01,PNADCT_RRETUF,2019-04-01T00:00:00-03:00,1,4,2019,2423.0
2019-04-01,PNADCT_RRETUF,2019-04-01T00:00:00-03:00,1,4,2019,2387.0
2019-04-01,PNADCT_RRETUF,2019-04-01T00:00:00-03:00,1,4,2019,2097.0
2019-04-01,PNADCT_RRETUF,2019-04-01T00:00:00-03:00,1,4,2019,3340.0
2019-04-01,PNADCT_RRETUF,2019-04-01T00:00:00-03:00,1,4,2019,3312.0
2019-04-01,PNADCT_RRETUF,2019-04-01T00:00:00-03:00,1,4,2019,2747.0
2019-04-01,PNADCT_RRETUF,2019-04-01T00:00:00-03:00,1,4,2019,1819.0
2019-04-01,PNADCT_RRETUF,2019-04-01T00:00:00-03:00,1,4,2019,2965.0
2019-04-01,PNADCT_RRETUF,2019-04-01T00:00:00-03:00,1,4,2019,3052.0
2019-04-01,PNADCT_RRETUF,2019-04-01T00:00:00-03:00,1,4,2019,5504.0
2019-04-01,PNADCT_RRETUF,2019-04-01T00:00:00-03:00,1,4,2019,2232.0
2019-04-01,PNADCT_RRETUF,2019-04-01T00:00:00-03:00,1,4,2019,2125.0
2019-04-01,PNADCT_RRETUF,2019-04-01T00:00:00-03:00,1,4,2019,2656.0
2019-04-01,PNADCT_RRETUF,2019-04-01T00:00:00-03:00,1,4,2019,2322.0
2019-04-01,PNADCT_RRETUF,2019-04-01T00:00:00-03:00,1,4,2019,2247.0
2019-04-01,PNADCT_RRETUF,2019-04-01T00:00:00-03:00,1,4,2019,2517.0
2019-04-01,PNADCT_RRETUF,2019-04-01T00:00:00-03:00,1,4,2019,3704.0
2019-04-01,PNADCT_RRETUF,2019-04-01T00:00:00-03:00,1,4,2019,3499.0
2019-04-01,PNADCT_RRETUF,2019-04-01T00:00:00-03:00,1,4,2019,2195.0
2019-04-01,PNADCT_RRETUF,2019-04-01T00:00:00-03:00,1,4,2019,2339.0
2019-04-01,PNADCT_RRETUF,2019-04-01T00:00:00-03:00,1,4,2019,3566.0
2019-04-01,PNADCT_RRETUF,2019-04-01T00:00:00-03:00,1,4,2019,3219.0
2019-07-01,PNADCT_RRETUF,2019-07-01T00:00:00-03:00,1,7,2019,3236.0
2019-07-01,PNADCT_RRETUF,2019-07-01T00:00:00-03:00,1,7,2019,3505.0
2019-07-01,PNADCT_RRETUF,2019-07-01T00:00:00-03:00,1,7,2019,2392.0
2019-07-01,PNADCT_RRETUF,2019-07-01T00:00:00-03:00,1,7,2019,2193.0
2019-07-01,PNADCT_RRETUF,2019-07-01T00:00:00-03:00,1,7,2019,3543.0
2019-07-01,PNADCT_RRETUF,2019-07-01T00:00:00-03:00,1,7,2019,3729.0
2019-07-01,PNADCT_RRETUF,2019-07-01T00:00:00-03:00,1,7,2019,2571.0
2019-07-01,PNADCT_RRETUF,2019-07-01T00:00:00-03:00,1,7,2019,2131.0
2019-07-01,PNADCT_RRETUF,2019-07-01T00:00:00-03:00,1,7,2019,2411.0
2019-07-01,PNADCT_RRETUF,2019-07-01T00:00:00-03:00,1,7,2019,2661.0
2019-07-01,PNADCT_RRETUF,2019-07-01T00:00:00-03:00,1,7,2019,2100.0
2019-07-01,PNADCT_RRETUF,2019-07-01T00:00:00-03:00,1,7,2019,2321.0
2019-07-01,PNADCT_RRETUF,2019-07-01T00:00:00-03:00,1,7,2019,5476.0
2019-07-01,PNADCT_RRETUF,2019-07-01T00:00:00-03:00,1,7,2019,3077.0
2019-07-01,PNADCT_RRETUF,2019-07-01T00:00:00-03:00,1,7,2019,2924.0
2019-07-01,PNADCT_RRETUF,2019-07-01T00:00:00-03:00,1,7,2019,1855.0
2019-07-01,PNADCT_RRETUF,2019-07-01T00:00:00-03:00,1,7,2019,2754.0
2019-07-01,PNADCT_RRETUF,2019-07-01T00:00:00-03:00,1,7,2019,3272.0
2019-07-01,PNADCT_RRETUF,2019-07-01T00:00:00-03:00,1,7,2019,3201.0
2019-07-01,PNADCT_RRETUF,2019-07-01T00:00:00-03:00,1,7,2019,2138.0
2019-07-01,PNADCT_RRETUF,2019-07-01T00:00:00-03:00,1,7,2019,2352.0
2019-07-01,PNADCT_RRETUF,2019-07-01T00:00:00-03:00,1,7,2019,2353.0
2019-07-01,PNADCT_RRETUF,2019-07-01T00:00:00-03:00,1,7,2019,1956.0
2019-07-01,PNADCT_RRETUF,2019-07-01T00:00:00-03:00,1,7,2019,3557.0
2019-07-01,PNADCT_RRETUF,2019-07-01T00:00:00-03:00,1,7,2019,3837.0
2019-07-01,PNADCT_RRETUF,2019-07-01T00:00:00-03:00,1,7,2019,2512.0
2019-07-01,PNADCT_RRETUF,2019-07-01T00:00:00-03:00,1,7,2019,2843.0
2019-07-01,PNADCT_RRETUF,2019-07-01T00:00:00-03:00,1,7,2019,3344.0
2019-07-01,PNADCT_RRETUF,2019-07-01T00:00:00-03:00,1,7,2019,3510.0
2019-07-01,PNADCT_RRETUF,2019-07-01T00:00:00-03:00,1,7,2019,3568.0
2019-07-01,PNADCT_RRETUF,2019-07-01T00:00:00-03:00,1,7,2019,2172.0
2019-07-01,PNADCT_RRETUF,2019-07-01T00:00:00-03:00,1,7,2019,4180.0
2019-07-01,PNADCT_RRETUF,2019-07-01T00:00:00-03:00,1,7,2019,2595.0
2019-10-01,PNADCT_RRETUF,2019-10-01T00:00:00-03:00,1,10,2019,2639.0
2019-10-01,PNADCT_RRETUF,2019-10-01T00:00:00-03:00,1,10,2019,4380.0
2019-10-01,PNADCT_RRETUF,2019-10-01T00:00:00-03:00,1,10,2019,2188.0
2019-10-01,PNADCT_RRETUF,2019-10-01T00:00:00-03:00,1,10,2019,3700.0
2019-10-01,PNADCT_RRETUF,2019-10-01T00:00:00-03:00,1,10,2019,3578.0
2019-10-01,PNADCT_RRETUF,2019-10-01T00:00:00-03:00,1,10,2019,3086.0
2019-10-01,PNADCT_RRETUF,2019-10-01T00:00:00-03:00,1,10,2019,2844.0
2019-10-01,PNADCT_RRETUF,2019-10-01T00:00:00-03:00,1,10,2019,2773.0
2019-10-01,PNADCT_RRETUF,2019-10-01T00:00:00-03:00,1,10,2019,3979.0
2019-10-01,PNADCT_RRETUF,2019-10-01T00:00:00-03:00,1,10,2019,3710.0
2019-10-01,PNADCT_RRETUF,2019-10-01T00:00:00-03:00,1,10,2019,1902.0
2019-10-01,PNADCT_RRETUF,2019-10-01T00:00:00-03:00,1,10,2019,2402.0
2019-10-01,PNADCT_RRETUF,2019-10-01T00:00:00-03:00,1,10,2019,2384.0
2019-10-01,PNADCT_RRETUF,2019-10-01T00:00:00-03:00,1,10,2019,2279.0
2019-10-01,PNADCT_RRETUF,2019-10-01T00:00:00-03:00,1,10,2019,3301.0
2019-10-01,PNADCT_RRETUF,2019-10-01T00:00:00-03:00,1,10,2019,3392.0
2019-10-01,PNADCT_RRETUF,2019-10-01T00:00:00-03:00,1,10,2019,2952.0
2019-10-01,PNADCT_RRETUF,2019-10-01T00:00:00-03:00,1,10,2019,1907.0
2019-10-01,PNADCT_RRETUF,2019-10-01T00:00:00-03:00,1,10,2019,3036.0
2019-10-01,PNADCT_RRETUF,2019-10-01T00:00:00-03:00,1,10,2019,3184.0
2019-10-01,PNADCT_RRETUF,2019-10-01T00:00:00-03:00,1,10,2019,5739.0
2019-10-01,PNADCT_RRETUF,2019-10-01T00:00:00-03:00,1,10,2019,2366.0
2019-10-01,PNADCT_RRETUF,2019-10-01T00:00:00-03:00,1,10,2019,2247.0
2019-10-01,PNADCT_RRETUF,2019-10-01T00:00:00-03:00,1,10,2019,2675.0
2019-10-01,PNADCT_RRETUF,2019-10-01T00:00:00-03:00,1,10,2019,2399.0
2019-10-01,PNADCT_RRETUF,2019-10-01T00:00:00-03:00,1,10,2019,2109.0
2019-10-01,PNADCT_RRETUF,2019-10-01T00:00:00-03:00,1,10,2019,2640.0
2019-10-01,PNADCT_RRETUF,2019-10-01T00:00:00-03:00,1,10,2019,3914.0
2019-10-01,PNADCT_RRETUF,2019-10-01T00:00:00-03:00,1,10,2019,3658.0
2019-10-01,PNADCT_RRETUF,2019-10-01T00:00:00-03:00,1,10,2019,2270.0
2019-10-01,PNADCT_RRETUF,2019-10-01T00:00:00-03:00,1,10,2019,2455.0
2019-10-01,PNADCT_RRETUF,2019-10-01T00:00:00-03:00,1,10,2019,3639.0
2019-10-01,PNADCT_RRETUF,2019-10-01T00:00:00-03:00,1,10,2019,3372.0
2020-01-01,PNADCT_RRETUF,2020-01-01T00:00:00-03:00,1,1,2020,3598.0
2020-01-01,PNADCT_RRETUF,2020-01-01T00:00:00-03:00,1,1,2020,3805.0
2020-01-01,PNADCT_RRETUF,2020-01-01T00:00:00-03:00,1,1,2020,2567.0
2020-01-01,PNADCT_RRETUF,2020-01-01T00:00:00-03:00,1,1,2020,2441.0
2020-01-01,PNADCT_RRETUF,2020-01-01T00:00:00-03:00,1,1,2020,3908.0
2020-01-01,PNADCT_RRETUF,2020-01-01T00:00:00-03:00,1,1,2020,4186.0
2020-01-01,PNADCT_RRETUF,2020-01-01T00:00:00-03:00,1,1,2020,2706.0
2020-01-01,PNADCT_RRETUF,2020-01-01T00:00:00-03:00,1,1,2020,2408.0
2020-01-01,PNADCT_RRETUF,2020-01-01T00:00:00-03:00,1,1,2020,2482.0
2020-01-01,PNADCT_RRETUF,2020-01-01T00:00:00-03:00,1,1,2020,2797.0
2020-01-01,PNADCT_RRETUF,2020-01-01T00:00:00-03:00,1,1,2020,2438.0
2020-01-01,PNADCT_RRETUF,2020-01-01T00:00:00-03:00,1,1,2020,2509.0
2020-01-01,PNADCT_RRETUF,2020-01-01T00:00:00-03:00,1,1,2020,5811.0
2020-01-01,PNADCT_RRETUF,2020-01-01T00:00:00-03:00,1,1,2020,3293.0
2020-01-01,PNADCT_RRETUF,2020-01-01T00:00:00-03:00,1,1,2020,3238.0
2020-01-01,PNADCT_RRETUF,2020-01-01T00:00:00-03:00,1,1,2020,1979.0
2020-01-01,PNADCT_RRETUF,2020-01-01T00:00:00-03:00,1,1,2020,3105.0
2020-01-01,PNADCT_RRETUF,2020-01-01T00:00:00-03:00,1,1,2020,3570.0
2020-01-01,PNADCT_RRETUF,2020-01-01T00:00:00-03:00,1,1,2020,3462.0
2020-01-01,PNADCT_RRETUF,2020-01-01T00:00:00-03:00,1,1,2020,2405.0
2020-01-01,PNADCT_RRETUF,2020-01-01T00:00:00-03:00,1,1,2020,2483.0
2020-01-01,PNADCT_RRETUF,2020-01-01T00:00:00-03:00,1,1,2020,2581.0
2020-01-01,PNADCT_RRETUF,2020-01-01T00:00:00-03:00,1,1,2020,2109.0
2020-01-01,PNADCT_RRETUF,2020-01-01T00:00:00-03:00,1,1,2020,3951.0
2020-01-01,PNADCT_RRETUF,2020-01-01T00:00:00-03:00,1,1,2020,4325.0
2020-01-01,PNADCT_RRETUF,2020-01-01T00:00:00-03:00,1,1,2020,2947.0
2020-01-01,PNADCT_RRETUF,2020-01-01T00:00:00-03:00,1,1,2020,2920.0
2020-01-01,PNADCT_RRETUF,2020-01-01T00:00:00-03:00,1,1,2020,3327.0
2020-01-01,PNADCT_RRETUF,2020-01-01T00:00:00-03:00,1,1,2020,3879.0
2020-01-01,PNADCT_RRETUF,2020-01-01T00:00:00-03:00,1,1,2020,3888.0
2020-01-01,PNADCT_RRETUF,2020-01-01T00:00:00-03:00,1,1,2020,2429.0
2020-01-01,PNADCT_RRETUF,2020-01-01T00:00:00-03:00,1,1,2020,4686.0
2020-01-01,PNADCT_RRETUF,2020-01-01T00:00:00-03:00,1,1,2020,2744.0
2020-04-01,PNADCT_RRETUF,2020-04-01T00:00:00-03:00,1,4,2020,2589.0
2020-04-01,PNADCT_RRETUF,2020-04-01T00:00:00-03:00,1,4,2020,4024.0
2020-04-01,PNADCT_RRETUF,2020-04-01T00:00:00-03:00,1,4,2020,2220.0
2020-04-01,PNADCT_RRETUF,2020-04-01T00:00:00-03:00,1,4,2020,3543.0
2020-04-01,PNADCT_RRETUF,2020-04-01T00:00:00-03:00,1,4,2020,3355.0
2020-04-01,PNADCT_RRETUF,2020-04-01T00:00:00-03:00,1,4,2020,3212.0
2020-04-01,PNADCT_RRETUF,2020-04-01T00:00:00-03:00,1,4,2020,2719.0
2020-04-01,PNADCT_RRETUF,2020-04-01T00:00:00-03:00,1,4,2020,2619.0
2020-04-01,PNADCT_RRETUF,2020-04-01T00:00:00-03:00,1,4,2020,3917.0
2020-04-01,PNADCT_RRETUF,2020-04-01T00:00:00-03:00,1,4,2020,3372.0
2020-04-01,PNADCT_RRETUF,2020-04-01T00:00:00-03:00,1,4,2020,1888.0
2020-04-01,PNADCT_RRETUF,2020-04-01T00:00:00-03:00,1,4,2020,2163.0
2020-04-01,PNADCT_RRETUF,2020-04-01T00:00:00-03:00,1,4,2020,2200.0
2020-04-01,PNADCT_RRETUF,2020-04-01T00:00:00-03:00,1,4,2020,2263.0
2020-04-01,PNADCT_RRETUF,2020-04-01T00:00:00-03:00,1,4,2020,3267.0
2020-04-01,PNADCT_RRETUF,2020-04-01T00:00:00-03:00,1,4,2020,3233.0
2020-04-01,PNADCT_RRETUF,2020-04-01T00:00:00-03:00,1,4,2020,2690.0
2020-04-01,PNADCT_RRETUF,2020-04-01T00:00:00-03:00,1,4,2020,1814.0
2020-04-01,PNADCT_RRETUF,2020-04-01T00:00:00-03:00,1,4,2020,2889.0
2020-04-01,PNADCT_RRETUF,2020-04-01T00:00:00-03:00,1,4,2020,2869.0
2020-04-01,PNADCT_RRETUF,2020-04-01T00:00:00-03:00,1,4,2020,5131.0
2020-04-01,PNADCT_RRETUF,2020-04-01T00:00:00-03:00,1,4,2020,2312.0
2020-04-01,PNADCT_RRETUF,2020-04-01T00:00:00-03:00,1,4,2020,2169.0
2020-04-01,PNADCT_RRETUF,2020-04-01T00:00:00-03:00,1,4,2020,2576.0
2020-04-01,PNADCT_RRETUF,2020-04-01T00:00:00-03:00,1,4,2020,2552.0
2020-04-01,PNADCT_RRETUF,2020-04-01T00:00:00-03:00,1,4,2020,1957.0
2020-04-01,PNADCT_RRETUF,2020-04-01T00:00:00-03:00,1,4,2020,2566.0
2020-04-01,PNADCT_RRETUF,2020-04-01T00:00:00-03:00,1,4,2020,3632.0
2020-04-01,PNADCT_RRETUF,2020-04-01T00:00:00-03:00,1,4,2020,3410.0
2020-04-01,PNADCT_RRETUF,2020-04-01T00:00:00-03:00,1,4,2020,2161.0
2020-04-01,PNADCT_RRETUF,2020-04-01T00:00:00-03:00,1,4,2020,2457.0
2020-04-01,PNADCT_RRETUF,2020-04-01T00:00:00-03:00,1,4,2020,3431.0
2020-04-01,PNADCT_RRETUF,2020-04-01T00:00:00-03:00,1,4,2020,3171.0
2020-07-01,PNADCT_RRETUF,2020-07-01T00:00:00-03:00,1,7,2020,3291.0
2020-07-01,PNADCT_RRETUF,2020-07-01T00:00:00-03:00,1,7,2020,3585.0
2020-07-01,PNADCT_RRETUF,2020-07-01T00:00:00-03:00,1,7,2020,2404.0
2020-07-01,PNADCT_RRETUF,2020-07-01T00:00:00-03:00,1,7,2020,2168.0
2020-07-01,PNADCT_RRETUF,2020-07-01T00:00:00-03:00,1,7,2020,3496.0
2020-07-01,PNADCT_RRETUF,2020-07-01T00:00:00-03:00,1,7,2020,3847.0
2020-07-01,PNADCT_RRETUF,2020-07-01T00:00:00-03:00,1,7,2020,2651.0
2020-07-01,PNADCT_RRETUF,2020-07-01T00:00:00-03:00,1,7,2020,1983.0
2020-07-01,PNADCT_RRETUF,2020-07-01T00:00:00-03:00,1,7,2020,2526.0
2020-07-01,PNADCT_RRETUF,2020-07-01T00:00:00-03:00,1,7,2020,2941.0
2020-07-01,PNADCT_RRETUF,2020-07-01T00:00:00-03:00,1,7,2020,2179.0
2020-07-01,PNADCT_RRETUF,2020-07-01T00:00:00-03:00,1,7,2020,2104.0
2020-07-01,PNADCT_RRETUF,2020-07-01T00:00:00-03:00,1,7,2020,5503.0
2020-07-01,PNADCT_RRETUF,2020-07-01T00:00:00-03:00,1,7,2020,2967.0
2020-07-01,PNADCT_RRETUF,2020-07-01T00:00:00-03:00,1,7,2020,2996.0
2020-07-01,PNADCT_RRETUF,2020-07-01T00:00:00-03:00,1,7,2020,1860.0
2020-07-01,PNADCT_RRETUF,2020-07-01T00:00:00-03:00,1,7,2020,2747.0
2020-07-01,PNADCT_RRETUF,2020-07-01T00:00:00-03:00,1,7,2020,3376.0
2020-07-01,PNADCT_RRETUF,2020-07-01T00:00:00-03:00,1,7,2020,3332.0
2020-07-01,PNADCT_RRETUF,2020-07-01T00:00:00-03:00,1,7,2020,2167.0
2020-07-01,PNADCT_RRETUF,2020-07-01T00:00:00-03:00,1,7,2020,2565.0
2020-07-01,PNADCT_RRETUF,2020-07-01T00:00:00-03:00,1,7,2020,2254.0
2020-07-01,PNADCT_RRETUF,2020-07-01T00:00:00-03:00,1,7,2020,1995.0
2020-07-01,PNADCT_RRETUF,2020-07-01T00:00:00-03:00,1,7,2020,3441.0
2020-07-01,PNADCT_RRETUF,2020-07-01T00:00:00-03:00,1,7,2020,4129.0
2020-07-01,PNADCT_RRETUF,2020-07-01T00:00:00-03:00,1,7,2020,2456.0
2020-07-01,PNADCT_RRETUF,2020-07-01T00:00:00-03:00,1,7,2020,2586.0
2020-07-01,PNADCT_RRETUF,2020-07-01T00:00:00-03:00,1,7,2020,3305.0
2020-07-01,PNADCT_RRETUF,2020-07-01T00:00:00-03:00,1,7,2020,3506.0
2020-07-01,PNADCT_RRETUF,2020-07-01T00:00:00-03:00,1,7,2020,3562.0
2020-07-01,PNADCT_RRETUF,2020-07-01T00:00:00-03:00,1,7,2020,2197.0
2020-07-01,PNADCT_RRETUF,2020-07-01T00:00:00-03:00,1,7,2020,4333.0
2020-07-01,PNADCT_RRETUF,2020-07-01T00:00:00-03:00,1,7,2020,2496.0
2020-10-01,PNADCT_RRETUF,2020-10-01T00:00:00-03:00,1,10,2020,2616.0
2020-10-01,PNADCT_RRETUF,2020-10-01T00:00:00-03:00,1,10,2020,4241.0
2020-10-01,PNADCT_RRETUF,2020-10-01T00:00:00-03:00,1,10,2020,2527.0
2020-10-01,PNADCT_RRETUF,2020-10-01T00:00:00-03:00,1,10,2020,3761.0
2020-10-01,PNADCT_RRETUF,2020-10-01T00:00:00-03:00,1,10,2020,3509.0
2020-10-01,PNADCT_RRETUF,2020-10-01T00:00:00-03:00,1,10,2020,3268.0
2020-10-01,PNADCT_RRETUF,2020-10-01T00:00:00-03:00,1,10,2020,2611.0
2020-10-01,PNADCT_RRETUF,2020-10-01T00:00:00-03:00,1,10,2020,2418.0
2020-10-01,PNADCT_RRETUF,2020-10-01T00:00:00-03:00,1,10,2020,4171.0
2020-10-01,PNADCT_RRETUF,2020-10-01T00:00:00-03:00,1,10,2020,3790.0
2020-10-01,PNADCT_RRETUF,2020-10-01T00:00:00-03:00,1,10,2020,2072.0
2020-10-01,PNADCT_RRETUF,2020-10-01T00:00:00-03:00,1,10,2020,2251.0
2020-10-01,PNADCT_RRETUF,2020-10-01T00:00:00-03:00,1,10,2020,2925.0
2020-10-01,PNADCT_RRETUF,2020-10-01T00:00:00-03:00,1,10,2020,2316.0
2020-10-01,PNADCT_RRETUF,2020-10-01T00:00:00-03:00,1,10,2020,3388.0
2020-10-01,PNADCT_RRETUF,2020-10-01T00:00:00-03:00,1,10,2020,3422.0
2020-10-01,PNADCT_RRETUF,2020-10-01T00:00:00-03:00,1,10,2020,2890.0
2020-10-01,PNADCT_RRETUF,2020-10-01T00:00:00-03:00,1,10,2020,1837.0
2020-10-01,PNADCT_RRETUF,2020-10-01T00:00:00-03:00,1,10,2020,3015.0
2020-10-01,PNADCT_RRETUF,2020-10-01T00:00:00-03:00,1,10,2020,3077.0
2020-10-01,PNADCT_RRETUF,2020-10-01T00:00:00-03:00,1,10,2020,5684.0
2020-10-01,PNADCT_RRETUF,2020-10-01T00:00:00-03:00,1,10,2020,2208.0
2020-10-01,PNADCT_RRETUF,2020-10-01T00:00:00-03:00,1,10,2020,2123.0
2020-10-01,PNADCT_RRETUF,2020-10-01T00:00:00-03:00,1,10,2020,2789.0
2020-10-01,PNADCT_RRETUF,2020-10-01T00:00:00-03:00,1,10,2020,2471.0
2020-10-01,PNADCT_RRETUF,2020-10-01T00:00:00-03:00,1,10,2020,2160.0
2020-10-01,PNADCT_RRETUF,2020-10-01T00:00:00-03:00,1,10,2020,2624.0
2020-10-01,PNADCT_RRETUF,2020-10-01T00:00:00-03:00,1,10,2020,3849.0
2020-10-01,PNADCT_RRETUF,2020-10-01T00:00:00-03:00,1,10,2020,3681.0
2020-10-01,PNADCT_RRETUF,2020-10-01T00:00:00-03:00,1,10,2020,2220.0
2020-10-01,PNADCT_RRETUF,2020-10-01T00:00:00-03:00,1,10,2020,2470.0
2020-10-01,PNADCT_RRETUF,2020-10-01T00:00:00-03:00,1,10,2020,3652.0
2020-10-01,PNADCT_RRETUF,2020-10-01T00:00:00-03:00,1,10,2020,3333.0
2021-01-01,PNADCT_RRETUF,2021-01-01T00:00:00-03:00,1,1,2021,3504.0
2021-01-01,PNADCT_RRETUF,2021-01-01T00:00:00-03:00,1,1,2021,3768.0
2021-01-01,PNADCT_RRETUF,2021-01-01T00:00:00-03:00,1,1,2021,2471.0
2021-01-01,PNADCT_RRETUF,2021-01-01T00:00:00-03:00,1,1,2021,2257.0
2021-01-01,PNADCT_RRETUF,2021-01-01T00:00:00-03:00,1,1,2021,3878.0
2021-01-01,PNADCT_RRETUF,2021-01-01T00:00:00-03:00,1,1,2021,4101.0
2021-01-01,PNADCT_RRETUF,2021-01-01T00:00:00-03:00,1,1,2021,2689.0
2021-01-01,PNADCT_RRETUF,2021-01-01T00:00:00-03:00,1,1,2021,2228.0
2021-01-01,PNADCT_RRETUF,2021-01-01T00:00:00-03:00,1,1,2021,2324.0
2021-01-01,PNADCT_RRETUF,2021-01-01T00:00:00-03:00,1,1,2021,2825.0
2021-01-01,PNADCT_RRETUF,2021-01-01T00:00:00-03:00,1,1,2021,2130.0
2021-01-01,PNADCT_RRETUF,2021-01-01T00:00:00-03:00,1,1,2021,2278.0
2021-01-01,PNADCT_RRETUF,2021-01-01T00:00:00-03:00,1,1,2021,5976.0
2021-01-01,PNADCT_RRETUF,2021-01-01T00:00:00-03:00,1,1,2021,3215.0
2021-01-01,PNADCT_RRETUF,2021-01-01T00:00:00-03:00,1,1,2021,3097.0
2021-01-01,PNADCT_RRETUF,2021-01-01T00:00:00-03:00,1,1,2021,1978.0
2021-01-01,PNADCT_RRETUF,2021-01-01T00:00:00-03:00,1,1,2021,3033.0
2021-01-01,PNADCT_RRETUF,2021-01-01T00:00:00-03:00,1,1,2021,3653.0
2021-01-01,PNADCT_RRETUF,2021-01-01T00:00:00-03:00,1,1,2021,3318.0
2021-01-01,PNADCT_RRETUF,2021-01-01T00:00:00-03:00,1,1,2021,2346.0
2021-01-01,PNADCT_RRETUF,2021-01-01T00:00:00-03:00,1,1,2021,2605.0
2021-01-01,PNADCT_RRETUF,2021-01-01T00:00:00-03:00,1,1,2021,2348.0
2021-01-01,PNADCT_RRETUF,2021-01-01T00:00:00-03:00,1,1,2021,2118.0
2021-01-01,PNADCT_RRETUF,2021-01-01T00:00:00-03:00,1,1,2021,3741.0
2021-01-01,PNADCT_RRETUF,2021-01-01T00:00:00-03:00,1,1,2021,4548.0
2021-01-01,PNADCT_RRETUF,2021-01-01T00:00:00-03:00,1,1,2021,2623.0
2021-01-01,PNADCT_RRETUF,2021-01-01T00:00:00-03:00,1,1,2021,2604.0
2021-01-01,PNADCT_RRETUF,2021-01-01T00:00:00-03:00,1,1,2021,3076.0
2021-01-01,PNADCT_RRETUF,2021-01-01T00:00:00-03:00,1,1,2021,3945.0
2021-01-01,PNADCT_RRETUF,2021-01-01T00:00:00-03:00,1,1,2021,3986.0
2021-01-01,PNADCT_RRETUF,2021-01-01T00:00:00-03:00,1,1,2021,2410.0
2021-01-01,PNADCT_RRETUF,2021-01-01T00:00:00-03:00,1,1,2021,4508.0
2021-01-01,PNADCT_RRETUF,2021-01-01T00:00:00-03:00,1,1,2021,2801.0
2021-04-01,PNADCT_RRETUF,2021-04-01T00:00:00-03:00,1,4,2021,2599.0
2021-04-01,PNADCT_RRETUF,2021-04-01T00:00:00-03:00,1,4,2021,4015.0
2021-04-01,PNADCT_RRETUF,2021-04-01T00:00:00-03:00,1,4,2021,2362.0
2021-04-01,PNADCT_RRETUF,2021-04-01T00:00:00-03:00,1,4,2021,3636.0
2021-04-01,PNADCT_RRETUF,2021-04-01T00:00:00-03:00,1,4,2021,3652.0
2021-04-01,PNADCT_RRETUF,2021-04-01T00:00:00-03:00,1,4,2021,2633.0
2021-04-01,PNADCT_RRETUF,2021-04-01T00:00:00-03:00,1,4,2021,2491.0
2021-04-01,PNADCT_RRETUF,2021-04-01T00:00:00-03:00,1,4,2021,2525.0
2021-04-01,PNADCT_RRETUF,2021-04-01T00:00:00-03:00,1,4,2021,4118.0
2021-04-01,PNADCT_RRETUF,2021-04-01T00:00:00-03:00,1,4,2021,3394.0
2021-04-01,PNADCT_RRETUF,2021-04-01T00:00:00-03:00,1,4,2021,1865.0
2021-04-01,PNADCT_RRETUF,2021-04-01T00:00:00-03:00,1,4,2021,2300.0
2021-04-01,PNADCT_RRETUF,2021-04-01T00:00:00-03:00,1,4,2021,2184.0
2021-04-01,PNADCT_RRETUF,2021-04-01T00:00:00-03:00,1,4,2021,2247.0
2021-04-01,PNADCT_RRETUF,2021-04-01T00:00:00-03:00,1,4,2021,3178.0
2021-04-01,PNADCT_RRETUF,2021-04-01T00:00:00-03:00,1,4,2021,3194.0
2021-04-01,PNADCT_RRETUF,2021-04-01T00:00:00-03:00,1,4,2021,2744.0
2021-04-01,PNADCT_RRETUF,2021-04-01T00:00:00-03:00,1,4,2021,1804.0
2021-04-01,PNADCT_RRETUF,2021-04-01T00:00:00-03:00,1,4,2021,2998.0
2021-04-01,PNADCT_RRETUF,2021-04-01T00:00:00-03:00,1,4,2021,2908.0
2021-04-01,PNADCT_RRETUF,2021-04-01T00:00:00-03:00,1,4,2021,5600.0
2021-04-01,PNADCT_RRETUF,2021-04-01T00:00:00-03:00,1,4,2021,2052.0
2021-04-01,PNADCT_RRETUF,2021-04-01T00:00:00-03:00,1,4,2021,2034.0
2021-04-01,PNADCT_RRETUF,2021-04-01T00:00:00-03:00,1,4,2021,2744.0
2021-04-01,PNADCT_RRETUF,2021-04-01T00:00:00-03:00,1,4,2021,2242.0
2021-04-01,PNADCT_RRETUF,2021-04-01T00:00:00-03:00,1,4,2021,2069.0
2021-04-01,PNADCT_RRETUF,2021-04-01T00:00:00-03:00,1,4,2021,2517.0
2021-04-01,PNADCT_RRETUF,2021-04-01T00:00:00-03:00,1,4,2021,3682.0
2021-04-01,PNADCT_RRETUF,2021-04-01T00:00:00-03:00,1,4,2021,3552.0
2021-04-01,PNADCT_RRETUF,2021-04-01T00:00:00-03:00,1,4,2021,2102.0
2021-04-01,PNADCT_RRETUF,2021-04-01T00:00:00-03:00,1,4,2021,2350.0
2021-04-01,PNADCT_RRETUF,2021-04-01T00:00:00-03:00,1,4,2021,3541.0
2021-04-01,PNADCT_RRETUF,2021-04-01T00:00:00-03:00,1,4,2021,3199.0
2021-07-01,PNADCT_RRETUF,2021-07-01T00:00:00-03:00,1,7,2021,3085.0
2021-07-01,PNADCT_RRETUF,2021-07-01T00:00:00-03:00,1,7,2021,3415.0
2021-07-01,PNADCT_RRETUF,2021-07-01T00:00:00-03:00,1,7,2021,2358.0
2021-07-01,PNADCT_RRETUF,2021-07-01T00:00:00-03:00,1,7,2021,2082.0
2021-07-01,PNADCT_RRETUF,2021-07-01T00:00:00-03:00,1,7,2021,3375.0
2021-07-01,PNADCT_RRETUF,2021-07-01T00:00:00-03:00,1,7,2021,3537.0
2021-07-01,PNADCT_RRETUF,2021-07-01T00:00:00-03:00,1,7,2021,2769.0
2021-07-01,PNADCT_RRETUF,2021-07-01T00:00:00-03:00,1,7,2021,2201.0
2021-07-01,PNADCT_RRETUF,2021-07-01T00:00:00-03:00,1,7,2021,2146.0
2021-07-01,PNADCT_RRETUF,2021-07-01T00:00:00-03:00,1,7,2021,2762.0
2021-07-01,PNADCT_RRETUF,2021-07-01T00:00:00-03:00,1,7,2021,1938.0
2021-07-01,PNADCT_RRETUF,2021-07-01T00:00:00-03:00,1,7,2021,2181.0
2021-07-01,PNADCT_RRETUF,2021-07-01T00:00:00-03:00,1,7,2021,5271.0
2021-07-01,PNADCT_RRETUF,2021-07-01T00:00:00-03:00,1,7,2021,2952.0
2021-07-01,PNADCT_RRETUF,2021-07-01T00:00:00-03:00,1,7,2021,2952.0
2021-07-01,PNADCT_RRETUF,2021-07-01T00:00:00-03:00,1,7,2021,1894.0
2021-07-01,PNADCT_RRETUF,2021-07-01T00:00:00-03:00,1,7,2021,2725.0
2021-07-01,PNADCT_RRETUF,2021-07-01T00:00:00-03:00,1,7,2021,3083.0
2021-07-01,PNADCT_RRETUF,2021-07-01T00:00:00-03:00,1,7,2021,3071.0
2021-07-01,PNADCT_RRETUF,2021-07-01T00:00:00-03:00,1,7,2021,2195.0
2021-07-01,PNADCT_RRETUF,2021-07-01T00:00:00-03:00,1,7,2021,2225.0
2021-07-01,PNADCT_RRETUF,2021-07-01T00:00:00-03:00,1,7,2021,2108.0
2021-07-01,PNADCT_RRETUF,2021-07-01T00:00:00-03:00,1,7,2021,1970.0
2021-07-01,PNADCT_RRETUF,2021-07-01T00:00:00-03:00,1,7,2021,3235.0
2021-07-01,PNADCT_RRETUF,2021-07-01T00:00:00-03:00,1,7,2021,3672.0
2021-07-01,PNADCT_RRETUF,2021-07-01T00:00:00-03:00,1,7,2021,2440.0
2021-07-01,PNADCT_RRETUF,2021-07-01T00:00:00-03:00,1,7,2021,2682.0
2021-07-01,PNADCT_RRETUF,2021-07-01T00:00:00-03:00,1,7,2021,2696.0
2021-07-01,PNADCT_RRETUF,2021-07-01T00:00:00-03:00,1,7,2021,3399.0
2021-07-01,PNADCT_RRETUF,2021-07-01T00:00:00-03:00,1,7,2021,3545.0
2021-07-01,PNADCT_RRETUF,2021-07-01T00:00:00-03:00,1,7,2021,2293.0
2021-07-01,PNADCT_RRETUF,2021-07-01T00:00:00-03:00,1,7,2021,3907.0
2021-07-01,PNADCT_RRETUF,2021-07-01T00:00:00-03:00,1,7,2021,2805.0
2021-10-01,PNADCT_RRETUF,2021-10-01T00:00:00-03:00,1,10,2021,2575.0
2021-10-01,PNADCT_RRETUF,2021-10-01T00:00:00-03:00,1,10,2021,3795.0
2021-10-01,PNADCT_RRETUF,2021-10-01T00:00:00-03:00,1,10,2021,2259.0
2021-10-01,PNADCT_RRETUF,2021-10-01T00:00:00-03:00,1,10,2021,3454.0
2021-10-01,PNADCT_RRETUF,2021-10-01T00:00:00-03:00,1,10,2021,3361.0
2021-10-01,PNADCT_RRETUF,2021-10-01T00:00:00-03:00,1,10,2021,2806.0
2021-10-01,PNADCT_RRETUF,2021-10-01T00:00:00-03:00,1,10,2021,2627.0
2021-10-01,PNADCT_RRETUF,2021-10-01T00:00:00-03:00,1,10,2021,2357.0
2021-10-01,PNADCT_RRETUF,2021-10-01T00:00:00-03:00,1,10,2021,3646.0
2021-10-01,PNADCT_RRETUF,2021-10-01T00:00:00-03:00,1,10,2021,3258.0
2021-10-01,PNADCT_RRETUF,2021-10-01T00:00:00-03:00,1,10,2021,2074.0
2021-10-01,PNADCT_RRETUF,2021-10-01T00:00:00-03:00,1,10,2021,2075.0
2021-10-01,PNADCT_RRETUF,2021-10-01T00:00:00-03:00,1,10,2021,2198.0
2021-10-01,PNADCT_RRETUF,2021-10-01T00:00:00-03:00,1,10,2021,2080.0
2021-10-01,PNADCT_RRETUF,2021-10-01T00:00:00-03:00,1,10,2021,3110.0
2021-10-01,PNADCT_RRETUF,2021-10-01T00:00:00-03:00,1,10,2021,3182.0
2021-10-01,PNADCT_RRETUF,2021-10-01T00:00:00-03:00,1,10,2021,2767.0
2021-10-01,PNADCT_RRETUF,2021-10-01T00:00:00-03:00,1,10,2021,1776.0
2021-10-01,PNADCT_RRETUF,2021-10-01T00:00:00-03:00,1,10,2021,2897.0
2021-10-01,PNADCT_RRETUF,2021-10-01T00:00:00-03:00,1,10,2021,3048.0
2021-10-01,PNADCT_RRETUF,2021-10-01T00:00:00-03:00,1,10,2021,5373.0
2021-10-01,PNADCT_RRETUF,2021-10-01T00:00:00-03:00,1,10,2021,2123.0
2021-10-01,PNADCT_RRETUF,2021-10-01T00:00:00-03:00,1,10,2021,1891.0
2021-10-01,PNADCT_RRETUF,2021-10-01T00:00:00-03:00,1,10,2021,2734.0
2021-10-01,PNADCT_RRETUF,2021-10-01T00:00:00-03:00,1,10,2021,2155.0
2021-10-01,PNADCT_RRETUF,2021-10-01T00:00:00-03:00,1,10,2021,2142.0
2021-10-01,PNADCT_RRETUF,2021-10-01T00:00:00-03:00,1,10,2021,2571.0
2021-10-01,PNADCT_RRETUF,2021-10-01T00:00:00-03:00,1,10,2021,3491.0
2021-10-01,PNADCT_RRETUF,2021-10-01T00:00:00-03:00,1,10,2021,3346.0
2021-10-01,PNADCT_RRETUF,2021-10-01T00:00:00-03:00,1,10,2021,2037.0
2021-10-01,PNADCT_RRETUF,2021-10-01T00:00:00-03:00,1,10,2021,2274.0
2021-10-01,PNADCT_RRETUF,2021-10-01T00:00:00-03:00,1,10,2021,3441.0
2021-10-01,PNADCT_RRETUF,2021-10-01T00:00:00-03:00,1,10,2021,3047.0
2022-01-01,PNADCT_RRETUF,2022-01-01T00:00:00-03:00,1,1,2022,3283.0
2022-01-01,PNADCT_RRETUF,2022-01-01T00:00:00-03:00,1,1,2022,3682.0
2022-01-01,PNADCT_RRETUF,2022-01-01T00:00:00-03:00,1,1,2022,2482.0
2022-01-01,PNADCT_RRETUF,2022-01-01T00:00:00-03:00,1,1,2022,2159.0
2022-01-01,PNADCT_RRETUF,2022-01-01T00:00:00-03:00,1,1,2022,3639.0
2022-01-01,PNADCT_RRETUF,2022-01-01T00:00:00-03:00,1,1,2022,3759.0
2022-01-01,PNADCT_RRETUF,2022-01-01T00:00:00-03:00,1,1,2022,2849.0
2022-01-01,PNADCT_RRETUF,2022-01-01T00:00:00-03:00,1,1,2022,2182.0
2022-01-01,PNADCT_RRETUF,2022-01-01T00:00:00-03:00,1,1,2022,2450.0
2022-01-01,PNADCT_RRETUF,2022-01-01T00:00:00-03:00,1,1,2022,2881.0
2022-01-01,PNADCT_RRETUF,2022-01-01T00:00:00-03:00,1,1,2022,2086.0
2022-01-01,PNADCT_RRETUF,2022-01-01T00:00:00-03:00,1,1,2022,2183.0
2022-01-01,PNADCT_RRETUF,2022-01-01T00:00:00-03:00,1,1,2022,5741.0
2022-01-01,PNADCT_RRETUF,2022-01-01T00:00:00-03:00,1,1,2022,3397.0
2022-01-01,PNADCT_RRETUF,2022-01-01T00:00:00-03:00,1,1,2022,3036.0
2022-01-01,PNADCT_RRETUF,2022-01-01T00:00:00-03:00,1,1,2022,1864.0
2022-01-01,PNADCT_RRETUF,2022-01-01T00:00:00-03:00,1,1,2022,2908.0
2022-01-01,PNADCT_RRETUF,2022-01-01T00:00:00-03:00,1,1,2022,3545.0
2022-01-01,PNADCT_RRETUF,2022-01-01T00:00:00-03:00,1,1,2022,3384.0
2022-01-01,PNADCT_RRETUF,2022-01-01T00:00:00-03:00,1,1,2022,2301.0
2022-01-01,PNADCT_RRETUF,2022-01-01T00:00:00-03:00,1,1,2022,2251.0
2022-01-01,PNADCT_RRETUF,2022-01-01T00:00:00-03:00,1,1,2022,2225.0
2022-01-01,PNADCT_RRETUF,2022-01-01T00:00:00-03:00,1,1,2022,2066.0
2022-01-01,PNADCT_RRETUF,2022-01-01T00:00:00-03:00,1,1,2022,3509.0
2022-01-01,PNADCT_RRETUF,2022-01-01T00:00:00-03:00,1,1,2022,3964.0
2022-01-01,PNADCT_RRETUF,2022-01-01T00:00:00-03:00,1,1,2022,2662.0
2022-01-01,PNADCT_RRETUF,2022-01-01T00:00:00-03:00,1,1,2022,2685.0
2022-01-01,PNADCT_RRETUF,2022-01-01T00:00:00-03:00,1,1,2022,2792.0
2022-01-01,PNADCT_RRETUF,2022-01-01T00:00:00-03:00,1,1,2022,3683.0
2022-01-01,PNADCT_RRETUF,2022-01-01T00:00:00-03:00,1,1,2022,3765.0
2022-01-01,PNADCT_RRETUF,2022-01-01T00:00:00-03:00,1,1,2022,2243.0
2022-01-01,PNADCT_RRETUF,2022-01-01T00:00:00-03:00,1,1,2022,4101.0
2022-01-01,PNADCT_RRETUF,2022-01-01T00:00:00-03:00,1,1,2022,2772.0
2022-04-01,PNADCT_RRETUF,2022-04-01T00:00:00-03:00,1,4,2022,2767.0
2022-04-01,PNADCT_RRETUF,2022-04-01T00:00:00-03:00,1,4,2022,3859.0
2022-04-01,PNADCT_RRETUF,2022-04-01T00:00:00-03:00,1,4,2022,2153.0
2022-04-01,PNADCT_RRETUF,2022-04-01T00:00:00-03:00,1,4,2022,3443.0
2022-04-01,PNADCT_RRETUF,2022-04-01T00:00:00-03:00,1,4,2022,3385.0
2022-04-01,PNADCT_RRETUF,2022-04-01T00:00:00-03:00,1,4,2022,2783.0
2022-04-01,PNADCT_RRETUF,2022-04-01T00:00:00-03:00,1,4,2022,2753.0
2022-04-01,PNADCT_RRETUF,2022-04-01T00:00:00-03:00,1,4,2022,2331.0
2022-04-01,PNADCT_RRETUF,2022-04-01T00:00:00-03:00,1,4,2022,3768.0
2022-04-01,PNADCT_RRETUF,2022-04-01T00:00:00-03:00,1,4,2022,3295.0
2022-04-01,PNADCT_RRETUF,2022-04-01T00:00:00-03:00,1,4,2022,2099.0
2022-04-01,PNADCT_RRETUF,2022-04-01T00:00:00-03:00,1,4,2022,2008.0
2022-04-01,PNADCT_RRETUF,2022-04-01T00:00:00-03:00,1,4,2022,2164.0
2022-04-01,PNADCT_RRETUF,2022-04-01T00:00:00-03:00,1,4,2022,2160.0
2022-04-01,PNADCT_RRETUF,2022-04-01T00:00:00-03:00,1,4,2022,3373.0
2022-04-01,PNADCT_RRETUF,2022-04-01T00:00:00-03:00,1,4,2022,3377.0
2022-04-01,PNADCT_RRETUF,2022-04-01T00:00:00-03:00,1,4,2022,2653.0
2022-04-01,PNADCT_RRETUF,2022-04-01T00:00:00-03:00,1,4,2022,1814.0
2022-04-01,PNADCT_RRETUF,2022-04-01T00:00:00-03:00,1,4,2022,2835.0
2022-04-01,PNADCT_RRETUF,2022-04-01T00:00:00-03:00,1,4,2022,3023.0
2022-04-01,PNADCT_RRETUF,2022-04-01T00:00:00-03:00,1,4,2022,5319.0
2022-04-01,PNADCT_RRETUF,2022-04-01T00:00:00-03:00,1,4,2022,2020.0
2022-04-01,PNADCT_RRETUF,2022-04-01T00:00:00-03:00,1,4,2022,1916.0
2022-04-01,PNADCT_RRETUF,2022-04-01T00:00:00-03:00,1,4,2022,2496.0
2022-04-01,PNADCT_RRETUF,2022-04-01T00:00:00-03:00,1,4,2022,2349.0
2022-04-01,PNADCT_RRETUF,2022-04-01T00:00:00-03:00,1,4,2022,2140.0
2022-04-01,PNADCT_RRETUF,2022-04-01T00:00:00-03:00,1,4,2022,2718.0
2022-04-01,PNADCT_RRETUF,2022-04-01T00:00:00-03:00,1,4,2022,3517.0
2022-04-01,PNADCT_RRETUF,2022-04-01T00:00:00-03:00,1,4,2022,3367.0
2022-04-01,PNADCT_RRETUF,2022-04-01T00:00:00-03:00,1,4,2022,2012.0
2022-04-01,PNADCT_RRETUF,2022-04-01T00:00:00-03:00,1,4,2022,2380.0
2022-04-01,PNADCT_RRETUF,2022-04-01T00:00:00-03:00,1,4,2022,3484.0
2022-04-01,PNADCT_RRETUF,2022-04-01T00:00:00-03:00,1,4,2022,3068.0
2022-07-01,PNADCT_RRETUF,2022-07-01T00:00:00-03:00,1,7,2022,3161.0
2022-07-01,PNADCT_RRETUF,2022-07-01T00:00:00-03:00,1,7,2022,3693.0
2022-07-01,PNADCT_RRETUF,2022-07-01T00:00:00-03:00,1,7,2022,2485.0
2022-07-01,PNADCT_RRETUF,2022-07-01T00:00:00-03:00,1,7,2022,2100.0
2022-07-01,PNADCT_RRETUF,2022-07-01T00:00:00-03:00,1,7,2022,3480.0
2022-07-01,PNADCT_RRETUF,2022-07-01T00:00:00-03:00,1,7,2022,3584.0
2022-07-01,PNADCT_RRETUF,2022-07-01T00:00:00-03:00,1,7,2022,2594.0
2022-07-01,PNADCT_RRETUF,2022-07-01T00:00:00-03:00,1,7,2022,2093.0
2022-07-01,PNADCT_RRETUF,2022-07-01T00:00:00-03:00,1,7,2022,2472.0
2022-07-01,PNADCT_RRETUF,2022-07-01T00:00:00-03:00,1,7,2022,2726.0
2022-07-01,PNADCT_RRETUF,2022-07-01T00:00:00-03:00,1,7,2022,1927.0
2022-07-01,PNADCT_RRETUF,2022-07-01T00:00:00-03:00,1,7,2022,2195.0
2022-07-01,PNADCT_RRETUF,2022-07-01T00:00:00-03:00,1,7,2022,5694.0
2022-07-01,PNADCT_RRETUF,2022-07-01T00:00:00-03:00,1,7,2022,3133.0
2022-07-01,PNADCT_RRETUF,2022-07-01T00:00:00-03:00,1,7,2022,3039.0
2022-07-01,PNADCT_RRETUF,2022-07-01T00:00:00-03:00,1,7,2022,1896.0
2022-07-01,PNADCT_RRETUF,2022-07-01T00:00:00-03:00,1,7,2022,2835.0
2022-07-01,PNADCT_RRETUF,2022-07-01T00:00:00-03:00,1,7,2022,3434.0
2022-07-01,PNADCT_RRETUF,2022-07-01T00:00:00-03:00,1,7,2022,3563.0
2022-07-01,PNADCT_RRETUF,2022-07-01T00:00:00-03:00,1,7,2022,2290.0
2022-07-01,PNADCT_RRETUF,2022-07-01T00:00:00-03:00,1,7,2022,2526.0
2022-07-01,PNADCT_RRETUF,2022-07-01T00:00:00-03:00,1,7,2022,2080.0
2022-07-01,PNADCT_RRETUF,2022-07-01T00:00:00-03:00,1,7,2022,2341.0
2022-07-01,PNADCT_RRETUF,2022-07-01T00:00:00-03:00,1,7,2022,3351.0
2022-07-01,PNADCT_RRETUF,2022-07-01T00:00:00-03:00,1,7,2022,3753.0
2022-07-01,PNADCT_RRETUF,2022-07-01T00:00:00-03:00,1,7,2022,2259.0
2022-07-01,PNADCT_RRETUF,2022-07-01T00:00:00-03:00,1,7,2022,2822.0
2022-07-01,PNADCT_RRETUF,2022-07-01T00:00:00-03:00,1,7,2022,2668.0
2022-07-01,PNADCT_RRETUF,2022-07-01T00:00:00-03:00,1,7,2022,3523.0
2022-07-01,PNADCT_RRETUF,2022-07-01T00:00:00-03:00,1,7,2022,3606.0
2022-07-01,PNADCT_RRETUF,2022-07-01T00:00:00-03:00,1,7,2022,2187.0
2022-07-01,PNADCT_RRETUF,2022-07-01T00:00:00-03:00,1,7,2022,3901.0
2022-07-01,PNADCT_RRETUF,2022-07-01T00:00:00-03:00,1,7,2022,2876.0
2022-10-01,PNADCT_RRETUF,2022-10-01T00:00:00-03:00,1,10,2022,2932.0
2022-10-01,PNADCT_RRETUF,2022-10-01T00:00:00-03:00,1,10,2022,4155.0
2022-10-01,PNADCT_RRETUF,2022-10-01T00:00:00-03:00,1,10,2022,2384.0
2022-10-01,PNADCT_RRETUF,2022-10-01T00:00:00-03:00,1,10,2022,3725.0
2022-10-01,PNADCT_RRETUF,2022-10-01T00:00:00-03:00,1,10,2022,3774.0
2022-10-01,PNADCT_RRETUF,2022-10-01T00:00:00-03:00,1,10,2022,3131.0
2022-10-01,PNADCT_RRETUF,2022-10-01T00:00:00-03:00,1,10,2022,2969.0
2022-10-01,PNADCT_RRETUF,2022-10-01T00:00:00-03:00,1,10,2022,2464.0
2022-10-01,PNADCT_RRETUF,2022-10-01T00:00:00-03:00,1,10,2022,3973.0
2022-10-01,PNADCT_RRETUF,2022-10-01T00:00:00-03:00,1,10,2022,3516.0
2022-10-01,PNADCT_RRETUF,2022-10-01T00:00:00-03:00,1,10,2022,2336.0
2022-10-01,PNADCT_RRETUF,2022-10-01T00:00:00-03:00,1,10,2022,2351.0
2022-10-01,PNADCT_RRETUF,2022-10-01T00:00:00-03:00,1,10,2022,2307.0
2022-10-01,PNADCT_RRETUF,2022-10-01T00:00:00-03:00,1,10,2022,2394.0
2022-10-01,PNADCT_RRETUF,2022-10-01T00:00:00-03:00,1,10,2022,3716.0
2022-10-01,PNADCT_RRETUF,2022-10-01T00:00:00-03:00,1,10,2022,3770.0
2022-10-01,PNADCT_RRETUF,2022-10-01T00:00:00-03:00,1,10,2022,2962.0
2022-10-01,PNADCT_RRETUF,2022-10-01T00:00:00-03:00,1,10,2022,1918.0
2022-10-01,PNADCT_RRETUF,2022-10-01T00:00:00-03:00,1,10,2022,3307.0
2022-10-01,PNADCT_RRETUF,2022-10-01T00:00:00-03:00,1,10,2022,3309.0
2022-10-01,PNADCT_RRETUF,2022-10-01T00:00:00-03:00,1,10,2022,5770.0
2022-10-01,PNADCT_RRETUF,2022-10-01T00:00:00-03:00,1,10,2022,2043.0
2022-10-01,PNADCT_RRETUF,2022-10-01T00:00:00-03:00,1,10,2022,2053.0
2022-10-01,PNADCT_RRETUF,2022-10-01T00:00:00-03:00,1,10,2022,2844.0
2022-10-01,PNADCT_RRETUF,2022-10-01T00:00:00-03:00,1,10,2022,2496.0
2022-10-01,PNADCT_RRETUF,2022-10-01T00:00:00-03:00,1,10,2022,2132.0
2022-10-01,PNADCT_RRETUF,2022-10-01T00:00:00-03:00,1,10,2022,2600.0
2022-10-01,PNADCT_RRETUF,2022-10-01T00:00:00-03:00,1,10,2022,3801.0
2022-10-01,PNADCT_RRETUF,2022-10-01T00:00:00-03:00,1,10,2022,3665.0
2022-10-01,PNADCT_RRETUF,2022-10-01T00:00:00-03:00,1,10,2022,2163.0
2022-10-01,PNADCT_RRETUF,2022-10-01T00:00:00-03:00,1,10,2022,2579.0
2022-10-01,PNADCT_RRETUF,2022-10-01T00:00:00-03:00,1,10,2022,3925.0
2022-10-01,PNADCT_RRETUF,2022-10-01T00:00:00-03:00,1,10,2022,3328.0
2023-01-01,PNADCT_RRETUF,2023-01-01T00:00:00-03:00,1,1,2023,3512.0
2023-01-01,PNADCT_RRETUF,2023-01-01T00:00:00-03:00,1,1,2023,4046.0
2023-01-01,PNADCT_RRETUF,2023-01-01T00:00:00-03:00,1,1,2023,2661.0
2023-01-01,PNADCT_RRETUF,2023-01-01T00:00:00-03:00,1,1,2023,2332.0
2023-01-01,PNADCT_RRETUF,2023-01-01T00:00:00-03:00,1,1,2023,3822.0
2023-01-01,PNADCT_RRETUF,2023-01-01T00:00:00-03:00,1,1,2023,4014.0
2023-01-01,PNADCT_RRETUF,2023-01-01T00:00:00-03:00,1,1,2023,2698.0
2023-01-01,PNADCT_RRETUF,2023-01-01T00:00:00-03:00,1,1,2023,2440.0
2023-01-01,PNADCT_RRETUF,2023-01-01T00:00:00-03:00,1,1,2023,2564.0
2023-01-01,PNADCT_RRETUF,2023-01-01T00:00:00-03:00,1,1,2023,2924.0
2023-01-01,PNADCT_RRETUF,2023-01-01T00:00:00-03:00,1,1,2023,2134.0
2023-01-01,PNADCT_RRETUF,2023-01-01T00:00:00-03:00,1,1,2023,2303.0
2023-01-01,PNADCT_RRETUF,2023-01-01T00:00:00-03:00,1,1,2023,6088.0
2023-01-01,PNADCT_RRETUF,2023-01-01T00:00:00-03:00,1,1,2023,3564.0
2023-01-01,PNADCT_RRETUF,2023-01-01T00:00:00-03:00,1,1,2023,3448.0
2023-01-01,PNADCT_RRETUF,2023-01-01T00:00:00-03:00,1,1,2023,2099.0
2023-01-01,PNADCT_RRETUF,2023-01-01T00:00:00-03:00,1,1,2023,3289.0
2023-01-01,PNADCT_RRETUF,2023-01-01T00:00:00-03:00,1,1,2023,3935.0
2023-01-01,PNADCT_RRETUF,2023-01-01T00:00:00-03:00,1,1,2023,3666.0
2023-01-01,PNADCT_RRETUF,2023-01-01T00:00:00-03:00,1,1,2023,2525.0
2023-01-01,PNADCT_RRETUF,2023-01-01T00:00:00-03:00,1,1,2023,2449.0
2023-01-01,PNADCT_RRETUF,2023-01-01T00:00:00-03:00,1,1,2023,2483.0
2023-01-01,PNADCT_RRETUF,2023-01-01T00:00:00-03:00,1,1,2023,2775.0
2023-01-01,PNADCT_RRETUF,2023-01-01T00:00:00-03:00,1,1,2023,3719.0
2023-01-01,PNADCT_RRETUF,2023-01-01T00:00:00-03:00,1,1,2023,4225.0
2023-01-01,PNADCT_RRETUF,2023-01-01T00:00:00-03:00,1,1,2023,2518.0
2023-01-01,PNADCT_RRETUF,2023-01-01T00:00:00-03:00,1,1,2023,2962.0
2023-01-01,PNADCT_RRETUF,2023-01-01T00:00:00-03:00,1,1,2023,3119.0
2023-01-01,PNADCT_RRETUF,2023-01-01T00:00:00-03:00,1,1,2023,3865.0
2023-01-01,PNADCT_RRETUF,2023-01-01T00:00:00-03:00,1,1,2023,3909.0
2023-01-01,PNADCT_RRETUF,2023-01-01T00:00:00-03:00,1,1,2023,2517.0
2023-01-01,PNADCT_RRETUF,2023-01-01T00:00:00-03:00,1,1,2023,4302.0
2023-01-01,PNADCT_RRETUF,2023-01-01T00:00:00-03:00,1,1,2023,2909.0
2023-04-01,PNADCT_RRETUF,2023-04-01T00:00:00-03:00,1,4,2023,2850.0
2023-04-01,PNADCT_RRETUF,2023-04-01T00:00:00-03:00,1,4,2023,4000.0
2023-04-01,PNADCT_RRETUF,2023-04-01T00:00:00-03:00,1,4,2023,2298.0
2023-04-01,PNADCT_RRETUF,2023-04-01T00:00:00-03:00,1,4,2023,3570.0
2023-04-01,PNADCT_RRETUF,2023-04-01T00:00:00-03:00,1,4,2023,3561.0
2023-04-01,PNADCT_RRETUF,2023-04-01T00:00:00-03:00,1,4,2023,2990.0
2023-04-01,PNADCT_RRETUF,2023-04-01T00:00:00-03:00,1,4,2023,2837.0
2023-04-01,PNADCT_RRETUF,2023-04-01T00:00:00-03:00,1,4,2023,2311.0
2023-04-01,PNADCT_RRETUF,2023-04-01T00:00:00-03:00,1,4,2023,3902.0
2023-04-01,PNADCT_RRETUF,2023-04-01T00:00:00-03:00,1,4,2023,3412.0
2023-04-01,PNADCT_RRETUF,2023-04-01T00:00:00-03:00,1,4,2023,2507.0
2023-04-01,PNADCT_RRETUF,2023-04-01T00:00:00-03:00,1,4,2023,2295.0
2023-04-01,PNADCT_RRETUF,2023-04-01T00:00:00-03:00,1,4,2023,2315.0
2023-04-01,PNADCT_RRETUF,2023-04-01T00:00:00-03:00,1,4,2023,2374.0
2023-04-01,PNADCT_RRETUF,2023-04-01T00:00:00-03:00,1,4,2023,3600.0
2023-04-01,PNADCT_RRETUF,2023-04-01T00:00:00-03:00,1,4,2023,3533.0
2023-04-01,PNADCT_RRETUF,2023-04-01T00:00:00-03:00,1,4,2023,2996.0
2023-04-01,PNADCT_RRETUF,2023-04-01T00:00:00-03:00,1,4,2023,1916.0
2023-04-01,PNADCT_RRETUF,2023-04-01T00:00:00-03:00,1,4,2023,3251.0
2023-04-01,PNADCT_RRETUF,2023-04-01T00:00:00-03:00,1,4,2023,3155.0
2023-04-01,PNADCT_RRETUF,2023-04-01T00:00:00-03:00,1,4,2023,5396.0
2023-04-01,PNADCT_RRETUF,2023-04-01T00:00:00-03:00,1,4,2023,2164.0
2023-04-01,PNADCT_RRETUF,2023-04-01T00:00:00-03:00,1,4,2023,1959.0
2023-04-01,PNADCT_RRETUF,2023-04-01T00:00:00-03:00,1,4,2023,2811.0
2023-04-01,PNADCT_RRETUF,2023-04-01T00:00:00-03:00,1,4,2023,2415.0
2023-04-01,PNADCT_RRETUF,2023-04-01T00:00:00-03:00,1,4,2023,2170.0
2023-04-01,PNADCT_RRETUF,2023-04-01T00:00:00-03:00,1,4,2023,2642.0
2023-04-01,PNADCT_RRETUF,2023-04-01T00:00:00-03:00,1,4,2023,3705.0
2023-04-01,PNADCT_RRETUF,2023-04-01T00:00:00-03:00,1,4,2023,3507.0
2023-04-01,PNADCT_RRETUF,2023-04-01T00:00:00-03:00,1,4,2023,2147.0
2023-04-01,PNADCT_RRETUF,2023-04-01T00:00:00-03:00,1,4,2023,2527.0
2023-04-01,PNADCT_RRETUF,2023-04-01T00:00:00-03:00,1,4,2023,3760.0
2023-04-01,PNADCT_RRETUF,2023-04-01T00:00:00-03:00,1,4,2023,3243.0
2023-07-01,PNADCT_RRETUF,2023-07-01T00:00:00-03:00,1,7,2023,3309.0
2023-07-01,PNADCT_RRETUF,2023-07-01T00:00:00-03:00,1,7,2023,3871.0
2023-07-01,PNADCT_RRETUF,2023-07-01T00:00:00-03:00,1,7,2023,2594.0
2023-07-01,PNADCT_RRETUF,2023-07-01T00:00:00-03:00,1,7,2023,2191.0
2023-07-01,PNADCT_RRETUF,2023-07-01T00:00:00-03:00,1,7,2023,3567.0
2023-07-01,PNADCT_RRETUF,2023-07-01T00:00:00-03:00,1,7,2023,3784.0
2023-07-01,PNADCT_RRETUF,2023-07-01T00:00:00-03:00,1,7,2023,2610.0
2023-07-01,PNADCT_RRETUF,2023-07-01T00:00:00-03:00,1,7,2023,2149.0
2023-07-01,PNADCT_RRETUF,2023-07-01T00:00:00-03:00,1,7,2023,2370.0
2023-07-01,PNADCT_RRETUF,2023-07-01T00:00:00-03:00,1,7,2023,2924.0
2023-07-01,PNADCT_RRETUF,2023-07-01T00:00:00-03:00,1,7,2023,2075.0
2023-07-01,PNADCT_RRETUF,2023-07-01T00:00:00-03:00,1,7,2023,2197.0
2023-07-01,PNADCT_RRETUF,2023-07-01T00:00:00-03:00,1,7,2023,5633.0
2023-07-01,PNADCT_RRETUF,2023-07-01T00:00:00-03:00,1,7,2023,3144.0
2023-07-01,PNADCT_RRETUF,2023-07-01T00:00:00-03:00,1,7,2023,3353.0
2023-07-01,PNADCT_RRETUF,2023-07-01T00:00:00-03:00,1,7,2023,1937.0
2023-07-01,PNADCT_RRETUF,2023-07-01T00:00:00-03:00,1,7,2023,3082.0
2023-07-01,PNADCT_RRETUF,2023-07-01T00:00:00-03:00,1,7,2023,3649.0
2023-07-01,PNADCT_RRETUF,2023-07-01T00:00:00-03:00,1,7,2023,3656.0
2023-07-01,PNADCT_RRETUF,2023-07-01T00:00:00-03:00,1,7,2023,2446.0
2023-07-01,PNADCT_RRETUF,2023-07-01T00:00:00-03:00,1,7,2023,2372.0
2023-07-01,PNADCT_RRETUF,2023-07-01T00:00:00-03:00,1,7,2023,2291.0
2023-07-01,PNADCT_RRETUF,2023-07-01T00:00:00-03:00,1,7,2023,2497.0
2023-07-01,PNADCT_RRETUF,2023-07-01T00:00:00-03:00,1,7,2023,3467.0
2023-07-01,PNADCT_RRETUF,2023-07-01T00:00:00-03:00,1,7,2023,4070.0
2023-07-01,PNADCT_RRETUF,2023-07-01T00:00:00-03:00,1,7,2023,2425.0
2023-07-01,PNADCT_RRETUF,2023-07-01T00:00:00-03:00,1,7,2023,3019.0
2023-07-01,PNADCT_RRETUF,2023-07-01T00:00:00-03:00,1,7,2023,3212.0
2023-07-01,PNADCT_RRETUF,2023-07-01T00:00:00-03:00,1,7,2023,3579.0
2023-07-01,PNADCT_RRETUF,2023-07-01T00:00:00-03:00,1,7,2023,3692.0
2023-07-01,PNADCT_RRETUF,2023-07-01T00:00:00-03:00,1,7,2023,2241.0
2023-07-01,PNADCT_RRETUF,2023-07-01T00:00:00-03:00,1,7,2023,4050.0
2023-07-01,PNADCT_RRETUF,2023-07-01T00:00:00-03:00,1,7,2023,2981.0
2023-10-01,PNADCT_RRETUF,2023-10-01T00:00:00-03:00,1,10,2023,3037.0
2023-10-01,PNADCT_RRETUF,2023-10-01T00:00:00-03:00,1,10,2023,4256.0
2023-10-01,PNADCT_RRETUF,2023-10-01T00:00:00-03:00,1,10,2023,2288.0
2023-10-01,PNADCT_RRETUF,2023-10-01T00:00:00-03:00,1,10,2023,3785.0
2023-10-01,PNADCT_RRETUF,2023-10-01T00:00:00-03:00,1,10,2023,3679.0
2023-10-01,PNADCT_RRETUF,2023-10-01T00:00:00-03:00,1,10,2023,2979.0
2023-10-01,PNADCT_RRETUF,2023-10-01T00:00:00-03:00,1,10,2023,3022.0
2023-10-01,PNADCT_RRETUF,2023-10-01T00:00:00-03:00,1,10,2023,2659.0
2023-10-01,PNADCT_RRETUF,2023-10-01T00:00:00-03:00,1,10,2023,3993.0
2023-10-01,PNADCT_RRETUF,2023-10-01T00:00:00-03:00,1,10,2023,3616.0
2023-10-01,PNADCT_RRETUF,2023-10-01T00:00:00-03:00,1,10,2023,2491.0
2023-10-01,PNADCT_RRETUF,2023-10-01T00:00:00-03:00,1,10,2023,2291.0
2023-10-01,PNADCT_RRETUF,2023-10-01T00:00:00-03:00,1,10,2023,2595.0
2023-10-01,PNADCT_RRETUF,2023-10-01T00:00:00-03:00,1,10,2023,2511.0
2023-10-01,PNADCT_RRETUF,2023-10-01T00:00:00-03:00,1,10,2023,3739.0
2023-10-01,PNADCT_RRETUF,2023-10-01T00:00:00-03:00,1,10,2023,3685.0
2023-10-01,PNADCT_RRETUF,2023-10-01T00:00:00-03:00,1,10,2023,3186.0
2023-10-01,PNADCT_RRETUF,2023-10-01T00:00:00-03:00,1,10,2023,1932.0
2023-10-01,PNADCT_RRETUF,2023-10-01T00:00:00-03:00,1,10,2023,3437.0
2023-10-01,PNADCT_RRETUF,2023-10-01T00:00:00-03:00,1,10,2023,3286.0
2023-10-01,PNADCT_RRETUF,2023-10-01T00:00:00-03:00,1,10,2023,5866.0
2023-10-01,PNADCT_RRETUF,2023-10-01T00:00:00-03:00,1,10,2023,2138.0
2023-10-01,PNADCT_RRETUF,2023-10-01T00:00:00-03:00,1,10,2023,2157.0
2023-10-01,PNADCT_RRETUF,2023-10-01T00:00:00-03:00,1,10,2023,3065.0
2023-10-01,PNADCT_RRETUF,2023-10-01T00:00:00-03:00,1,10,2023,2543.0
2023-10-01,PNADCT_RRETUF,2023-10-01T00:00:00-03:00,1,10,2023,2187.0
2023-10-01,PNADCT_RRETUF,2023-10-01T00:00:00-03:00,1,10,2023,2667.0
2023-10-01,PNADCT_RRETUF,2023-10-01T00:00:00-03:00,1,10,2023,3912.0
2023-10-01,PNADCT_RRETUF,2023-10-01T00:00:00-03:00,1,10,2023,3684.0
2023-10-01,PNADCT_RRETUF,2023-10-01T00:00:00-03:00,1,10,2023,2237.0
2023-10-01,PNADCT_RRETUF,2023-10-01T00:00:00-03:00,1,10,2023,2665.0
2023-10-01,PNADCT_RRETUF,2023-10-01T00:00:00-03:00,1,10,2023,3970.0
2023-10-01,PNADCT_RRETUF,2023-10-01T00:00:00-03:00,1,10,2023,3413.0
2024-01-01,PNADCT_RRETUF,2024-01-01T00:00:00-03:00,1,1,2024,3658.0
2024-01-01,PNADCT_RRETUF,2024-01-01T00:00:00-03:00,1,1,2024,4182.0
2024-01-01,PNADCT_RRETUF,2024-01-01T00:00:00-03:00,1,1,2024,2793.0
2024-01-01,PNADCT_RRETUF,2024-01-01T00:00:00-03:00,1,1,2024,2413.0
2024-01-01,PNADCT_RRETUF,2024-01-01T00:00:00-03:00,1,1,2024,3977.0
2024-01-01,PNADCT_RRETUF,2024-01-01T00:00:00-03:00,1,1,2024,4197.0
2024-01-01,PNADCT_RRETUF,2024-01-01T00:00:00-03:00,1,1,2024,2783.0
2024-01-01,PNADCT_RRETUF,2024-01-01T00:00:00-03:00,1,1,2024,2507.0
2024-01-01,PNADCT_RRETUF,2024-01-01T00:00:00-03:00,1,1,2024,2631.0
2024-01-01,PNADCT_RRETUF,2024-01-01T00:00:00-03:00,1,1,2024,2995.0
2024-01-01,PNADCT_RRETUF,2024-01-01T00:00:00-03:00,1,1,2024,2388.0
2024-01-01,PNADCT_RRETUF,2024-01-01T00:00:00-03:00,1,1,2024,2242.0
2024-01-01,PNADCT_RRETUF,2024-01-01T00:00:00-03:00,1,1,2024,6059.0
2024-01-01,PNADCT_RRETUF,2024-01-01T00:00:00-03:00,1,1,2024,3615.0
2024-01-01,PNADCT_RRETUF,2024-01-01T00:00:00-03:00,1,1,2024,3598.0
2024-01-01,PNADCT_RRETUF,2024-01-01T00:00:00-03:00,1,1,2024,2087.0
2024-01-01,PNADCT_RRETUF,2024-01-01T00:00:00-03:00,1,1,2024,3469.0
2024-01-01,PNADCT_RRETUF,2024-01-01T00:00:00-03:00,1,1,2024,3908.0
2024-01-01,PNADCT_RRETUF,2024-01-01T00:00:00-03:00,1,1,2024,4040.0
2024-01-01,PNADCT_RRETUF,2024-01-01T00:00:00-03:00,1,1,2024,2711.0
2024-01-01,PNADCT_RRETUF,2024-01-01T00:00:00-03:00,1,1,2024,2685.0
2024-01-01,PNADCT_RRETUF,2024-01-01T00:00:00-03:00,1,1,2024,2398.0
2024-01-01,PNADCT_RRETUF,2024-01-01T00:00:00-03:00,1,1,2024,2620.0
2024-01-01,PNADCT_RRETUF,2024-01-01T00:00:00-03:00,1,1,2024,3927.0
2024-01-01,PNADCT_RRETUF,2024-01-01T00:00:00-03:00,1,1,2024,4322.0
2024-01-01,PNADCT_RRETUF,2024-01-01T00:00:00-03:00,1,1,2024,2866.0
2024-01-01,PNADCT_RRETUF,2024-01-01T00:00:00-03:00,1,1,2024,3022.0
2024-01-01,PNADCT_RRETUF,2024-01-01T00:00:00-03:00,1,1,2024,3119.0
2024-01-01,PNADCT_RRETUF,2024-01-01T00:00:00-03:00,1,1,2024,4028.0
2024-01-01,PNADCT_RRETUF,2024-01-01T00:00:00-03:00,1,1,2024,3979.0
2024-01-01,PNADCT_RRETUF,2024-01-01T00:00:00-03:00,1,1,2024,2608.0
2024-01-01,PNADCT_RRETUF,2024-01-01T00:00:00-03:00,1,1,2024,4527.0
2024-01-01,PNADCT_RRETUF,2024-01-01T00:00:00-03:00,1,1,2024,3089.0
2024-04-01,PNADCT_RRETUF,2024-04-01T00:00:00-03:00,1,4,2024,2927.0
2024-04-01,PNADCT_RRETUF,2024-04-01T00:00:00-03:00,1,4,2024,4229.0
2024-04-01,PNADCT_RRETUF,2024-04-01T00:00:00-03:00,1,4,2024,2405.0
2024-04-01,PNADCT_RRETUF,2024-04-01T00:00:00-03:00,1,4,2024,3784.0
2024-04-01,PNADCT_RRETUF,2024-04-01T00:00:00-03:00,1,4,2024,3898.0
2024-04-01,PNADCT_RRETUF,2024-04-01T00:00:00-03:00,1,4,2024,2894.0
2024-04-01,PNADCT_RRETUF,2024-04-01T00:00:00-03:00,1,4,2024,3250.0
2024-04-01,PNADCT_RRETUF,2024-04-01T00:00:00-03:00,1,4,2024,2801.0
2024-04-01,PNADCT_RRETUF,2024-04-01T00:00:00-03:00,1,4,2024,4010.0
2024-04-01,PNADCT_RRETUF,2024-04-01T00:00:00-03:00,1,4,2024,3648.0
2024-04-01,PNADCT_RRETUF,2024-04-01T00:00:00-03:00,1,4,2024,2493.0
2024-04-01,PNADCT_RRETUF,2024-04-01T00:00:00-03:00,1,4,2024,2410.0
2024-04-01,PNADCT_RRETUF,2024-04-01T00:00:00-03:00,1,4,2024,2420.0
2024-04-01,PNADCT_RRETUF,2024-04-01T00:00:00-03:00,1,4,2024,2585.0
2024-04-01,PNADCT_RRETUF,2024-04-01T00:00:00-03:00,1,4,2024,3733.0
2024-04-01,PNADCT_RRETUF,2024-04-01T00:00:00-03:00,1,4,2024,3528.0
2024-04-01,PNADCT_RRETUF,2024-04-01T00:00:00-03:00,1,4,2024,3189.0
2024-04-01,PNADCT_RRETUF,2024-04-01T00:00:00-03:00,1,4,2024,2137.0
2024-04-01,PNADCT_RRETUF,2024-04-01T00:00:00-03:00,1,4,2024,3418.0
2024-04-01,PNADCT_RRETUF,2024-04-01T00:00:00-03:00,1,4,2024,3372.0
2024-04-01,PNADCT_RRETUF,2024-04-01T00:00:00-03:00,1,4,2024,5625.0
2024-04-01,PNADCT_RRETUF,2024-04-01T00:00:00-03:00,1,4,2024,2289.0
2024-04-01,PNADCT_RRETUF,2024-04-01T00:00:00-03:00,1,4,2024,2279.0
2024-04-01,PNADCT_RRETUF,2024-04-01T00:00:00-03:00,1,4,2024,3073.0
2024-04-01,PNADCT_RRETUF,2024-04-01T00:00:00-03:00,1,4,2024,2388.0
2024-04-01,PNADCT_RRETUF,2024-04-01T00:00:00-03:00,1,4,2024,2259.0
2024-04-01,PNADCT_RRETUF,2024-04-01T00:00:00-03:00,1,4,2024,2636.0
2024-04-01,PNADCT_RRETUF,2024-04-01T00:00:00-03:00,1,4,2024,3901.0
2024-04-01,PNADCT_RRETUF,2024-04-01T00:00:00-03:00,1,4,2024,3773.0
2024-04-01,PNADCT_RRETUF,2024-04-01T00:00:00-03:00,1,4,2024,2345.0
2024-04-01,PNADCT_RRETUF,2024-04-01T00:00:00-03:00,1,4,2024,2679.0
2024-04-01,PNADCT_RRETUF,2024-04-01T00:00:00-03:00,1,4,2024,3888.0
2024-04-01,PNADCT_RRETUF,2024-04-01T00:00:00-03:00,1,4,2024,3438.0
2024-07-01,PNADCT_RRETUF,2024-07-01T00:00:00-03:00,1,7,2024,3445.0
2024-07-01,PNADCT_RRETUF,2024-07-01T00:00:00-03:00,1,7,2024,3917.0
2024-07-01,PNADCT_RRETUF,2024-07-01T00:00:00-03:00,1,7,2024,2636.0
2024-07-01,PNADCT_RRETUF,2024-07-01T00:00:00-03:00,1,7,2024,2336.0
2024-07-01,PNADCT_RRETUF,2024-07-01T00:00:00-03:00,1,7,2024,3757.0
2024-07-01,PNADCT_RRETUF,2024-07-01T00:00:00-03:00,1,7,2024,3941.0
2024-07-01,PNADCT_RRETUF,2024-07-01T00:00:00-03:00,1,7,2024,2707.0
2024-07-01,PNADCT_RRETUF,2024-07-01T00:00:00-03:00,1,7,2024,2384.0
2024-07-01,PNADCT_RRETUF,2024-07-01T00:00:00-03:00,1,7,2024,2465.0
2024-07-01,PNADCT_RRETUF,2024-07-01T00:00:00-03:00,1,7,2024,2960.0
2024-07-01,PNADCT_RRETUF,2024-07-01T00:00:00-03:00,1,7,2024,2151.0
2024-07-01,PNADCT_RRETUF,2024-07-01T00:00:00-03:00,1,7,2024,2221.0
2024-07-01,PNADCT_RRETUF,2024-07-01T00:00:00-03:00,1,7,2024,5889.0
2024-07-01,PNADCT_RRETUF,2024-07-01T00:00:00-03:00,1,7,2024,3535.0
2024-07-01,PNADCT_RRETUF,2024-07-01T00:00:00-03:00,1,7,2024,3397.0
2024-07-01,PNADCT_RRETUF,2024-07-01T00:00:00-03:00,1,7,2024,2192.0
2024-07-01,PNADCT_RRETUF,2024-07-01T00:00:00-03:00,1,7,2024,3179.0
2024-07-01,PNADCT_RRETUF,2024-07-01T00:00:00-03:00,1,7,2024,3530.0
2024-07-01,PNADCT_RRETUF,2024-07-01T00:00:00-03:00,1,7,2024,3731.0
2024-07-01,PNADCT_RRETUF,2024-07-01T00:00:00-03:00,1,7,2024,2467.0
2024-07-01,PNADCT_RRETUF,2024-07-01T00:00:00-03:00,1,7,2024,2609.0
2024-07-01,PNADCT_RRETUF,2024-07-01T00:00:00-03:00,1,7,2024,2440.0
2024-07-01,PNADCT_RRETUF,2024-07-01T00:00:00-03:00,1,7,2024,2524.0
2024-07-01,PNADCT_RRETUF,2024-07-01T00:00:00-03:00,1,7,2024,3725.0
2024-07-01,PNADCT_RRETUF,2024-07-01T00:00:00-03:00,1,7,2024,4031.0
2024-07-01,PNADCT_RRETUF,2024-07-01T00:00:00-03:00,1,7,2024,2809.0
2024-07-01,PNADCT_RRETUF,2024-07-01T00:00:00-03:00,1,7,2024,3233.0
2024-07-01,PNADCT_RRETUF,2024-07-01T00:00:00-03:00,1,7,2024,2901.0
2024-07-01,PNADCT_RRETUF,2024-07-01T00:00:00-03:00,1,7,2024,3698.0
2024-07-01,PNADCT_RRETUF,2024-07-01T00:00:00-03:00,1,7,2024,3879.0
2024-07-01,PNADCT_RRETUF,2024-07-01T00:00:00-03:00,1,7,2024,2451.0
2024-07-01,PNADCT_RRETUF,2024-07-01T00:00:00-03:00,1,7,2024,4286.0
2024-07-01,PNADCT_RRETUF,2024-07-01T00:00:00-03:00,1,7,2024,2938.0
2024-10-01,PNADCT_RRETUF,2024-10-01T00:00:00-03:00,1,10,2024,3117.0
2024-10-01,PNADCT_RRETUF,2024-10-01T00:00:00-03:00,1,10,2024,4508.0
2024-10-01,PNADCT_RRETUF,2024-10-01T00:00:00-03:00,1,10,2024,2731.0
2024-10-01,PNADCT_RRETUF,2024-10-01T00:00:00-03:00,1,10,2024,4052.0
2024-10-01,PNADCT_RRETUF,2024-10-01T00:00:00-03:00,1,10,2024,3942.0
2024-10-01,PNADCT_RRETUF,2024-10-01T00:00:00-03:00,1,10,2024,3173.0
2024-10-01,PNADCT_RRETUF,2024-10-01T00:00:00-03:00,1,10,2024,3260.0
2024-10-01,PNADCT_RRETUF,2024-10-01T00:00:00-03:00,1,10,2024,2777.0
2024-10-01,PNADCT_RRETUF,2024-10-01T00:00:00-03:00,1,10,2024,4012.0
2024-10-01,PNADCT_RRETUF,2024-10-01T00:00:00-03:00,1,10,2024,3932.0
2024-10-01,PNADCT_RRETUF,2024-10-01T00:00:00-03:00,1,10,2024,2548.0
2024-10-01,PNADCT_RRETUF,2024-10-01T00:00:00-03:00,1,10,2024,2726.0
2024-10-01,PNADCT_RRETUF,2024-10-01T00:00:00-03:00,1,10,2024,2634.0
2024-10-01,PNADCT_RRETUF,2024-10-01T00:00:00-03:00,1,10,2024,2469.0
2024-10-01,PNADCT_RRETUF,2024-10-01T00:00:00-03:00,1,10,2024,3835.0
2024-10-01,PNADCT_RRETUF,2024-10-01T00:00:00-03:00,1,10,2024,3727.0
2024-10-01,PNADCT_RRETUF,2024-10-01T00:00:00-03:00,1,10,2024,3202.0
2024-10-01,PNADCT_RRETUF,2024-10-01T00:00:00-03:00,1,10,2024,2160.0
2024-10-01,PNADCT_RRETUF,2024-10-01T00:00:00-03:00,1,10,2024,3575.0
2024-10-01,PNADCT_RRETUF,2024-10-01T00:00:00-03:00,1,10,2024,3524.0
2024-10-01,PNADCT_RRETUF,2024-10-01T00:00:00-03:00,1,10,2024,5973.0
2024-10-01,PNADCT_RRETUF,2024-10-01T00:00:00-03:00,1,10,2024,2292.0
2024-10-01,PNADCT_RRETUF,2024-10-01T00:00:00-03:00,1,10,2024,2252.0
2024-10-01,PNADCT_RRETUF,2024-10-01T00:00:00-03:00,1,10,2024,3020.0
2024-10-01,PNADCT_RRETUF,2024-10-01T00:00:00-03:00,1,10,2024,2583.0
2024-10-01,PNADCT_RRETUF,2024-10-01T00:00:00-03:00,1,10,2024,2532.0
2024-10-01,PNADCT_RRETUF,2024-10-01T00:00:00-03:00,1,10,2024,2751.0
2024-10-01,PNADCT_RRETUF,2024-10-01T00:00:00-03:00,1,10,2024,4062.0
2024-10-01,PNADCT_RRETUF,2024-10-01T00:00:00-03:00,1,10,2024,3968.0
2024-10-01,PNADCT_RRETUF,2024-10-01T00:00:00-03:00,1,10,2024,2439.0
2024-10-01,PNADCT_RRETUF,2024-10-01T00:00:00-03:00,1,10,2024,2696.0
2024-10-01,PNADCT_RRETUF,2024-10-01T00:00:00-03:00,1,10,2024,4070.0
2024-10-01,PNADCT_RRETUF,2024-10-01T00:00:00-03:00,1,10,2024,3575.0
2025-01-01,PNADCT_RRETUF,2025-01-01T00:00:00-03:00,1,1,2025,3802.0
2025-01-01,PNADCT_RRETUF,2025-01-01T00:00:00-03:00,1,1,2025,4249.0
2025-01-01,PNADCT_RRETUF,2025-01-01T00:00:00-03:00,1,1,2025,2844.0
2025-01-01,PNADCT_RRETUF,2025-01-01T00:00:00-03:00,1,1,2025,2600.0
2025-01-01,PNADCT_RRETUF,2025-01-01T00:00:00-03:00,1,1,2025,4289.0
2025-01-01,PNADCT_RRETUF,2025-01-01T00:00:00-03:00,1,1,2025,4296.0
2025-01-01,PNADCT_RRETUF,2025-01-01T00:00:00-03:00,1,1,2025,2886.0
2025-01-01,PNADCT_RRETUF,2025-01-01T00:00:00-03:00,1,1,2025,2727.0
2025-01-01,PNADCT_RRETUF,2025-01-01T00:00:00-03:00,1,1,2025,2669.0
2025-01-01,PNADCT_RRETUF,2025-01-01T00:00:00-03:00,1,1,2025,3177.0
2025-01-01,PNADCT_RRETUF,2025-01-01T00:00:00-03:00,1,1,2025,2392.0
2025-01-01,PNADCT_RRETUF,2025-01-01T00:00:00-03:00,1,1,2025,2428.0
2025-01-01,PNADCT_RRETUF,2025-01-01T00:00:00-03:00,1,1,2025,6399.0
2025-01-01,PNADCT_RRETUF,2025-01-01T00:00:00-03:00,1,1,2025,3766.0
2025-01-01,PNADCT_RRETUF,2025-01-01T00:00:00-03:00,1,1,2025,3638.0
2025-01-01,PNADCT_RRETUF,2025-01-01T00:00:00-03:00,1,1,2025,2205.0
2025-01-01,PNADCT_RRETUF,2025-01-01T00:00:00-03:00,1,1,2025,3473.0
2025-01-01,PNADCT_RRETUF,2025-01-01T00:00:00-03:00,1,1,2025,4035.0
2025-01-01,PNADCT_RRETUF,2025-01-01T00:00:00-03:00,1,1,2025,3945.0
2025-01-01,PNADCT_RRETUF,2025-01-01T00:00:00-03:00,1,1,2025,2666.0
2025-01-01,PNADCT_RRETUF,2025-01-01T00:00:00-03:00,1,1,2025,2691.0
2025-01-01,PNADCT_RRETUF,2025-01-01T00:00:00-03:00,1,1,2025,2997.0
2025-01-01,PNADCT_RRETUF,2025-01-01T00:00:00-03:00,1,1,2025,2812.0
2025-01-01,PNADCT_RRETUF,2025-01-01T00:00:00-03:00,1,1,2025,4201.0
2025-01-01,PNADCT_RRETUF,2025-01-01T00:00:00-03:00,1,1,2025,4544.0
2025-01-01,PNADCT_RRETUF,2025-01-01T00:00:00-03:00,1,1,2025,3084.0
2025-01-01,PNADCT_RRETUF,2025-01-01T00:00:00-03:00,1,1,2025,3233.0
2025-01-01,PNADCT_RRETUF,2025-01-01T00:00:00-03:00,1,1,2025,3452.0
2025-01-01,PNADCT_RRETUF,2025-01-01T00:00:00-03:00,1,1,2025,4234.0
2025-01-01,PNADCT_RRETUF,2025-01-01T00:00:00-03:00,1,1,2025,4484.0
2025-01-01,PNADCT_RRETUF,2025-01-01T00:00:00-03:00,1,1,2025,2812.0
2025-01-01,PNADCT_RRETUF,2025-01-01T00:00:00-03:00,1,1,2025,4620.0
2025-01-01,PNADCT_RRETUF,2025-01-01T00:00:00-03:00,1,1,2025,3287.0
2025-04-01,PNADCT_RRETUF,2025-04-01T00:00:00-03:00,1,4,2025,3143.0
2025-04-01,PNADCT_RRETUF,2025-04-01T00:00:00-03:00,1,4,2025,4292.0
2025-04-01,PNADCT_RRETUF,2025-04-01T00:00:00-03:00,1,4,2025,2568.0
2025-04-01,PNADCT_RRETUF,2025-04-01T00:00:00-03:00,1,4,2025,4132.0
2025-04-01,PNADCT_RRETUF,2025-04-01T00:00:00-03:00,1,4,2025,3953.0
2025-04-01,PNADCT_RRETUF,2025-04-01T00:00:00-03:00,1,4,2025,3190.0
2025-04-01,PNADCT_RRETUF,2025-04-01T00:00:00-03:00,1,4,2025,3204.0
2025-04-01,PNADCT_RRETUF,2025-04-01T00:00:00-03:00,1,4,2025,2925.0
2025-04-01,PNADCT_RRETUF,2025-04-01T00:00:00-03:00,1,4,2025,4272.0
2025-04-01,PNADCT_RRETUF,2025-04-01T00:00:00-03:00,1,4,2025,3892.0
2025-04-01,PNADCT_RRETUF,2025-04-01T00:00:00-03:00,1,4,2025,2430.0
2025-04-01,PNADCT_RRETUF,2025-04-01T00:00:00-03:00,1,4,2025,2762.0
2025-04-01,PNADCT_RRETUF,2025-04-01T00:00:00-03:00,1,4,2025,2424.0
2025-04-01,PNADCT_RRETUF,2025-04-01T00:00:00-03:00,1,4,2025,2558.0
2025-04-01,PNADCT_RRETUF,2025-04-01T00:00:00-03:00,1,4,2025,3630.0
2025-04-01,PNADCT_RRETUF,2025-04-01T00:00:00-03:00,1,4,2025,3576.0
2025-04-01,PNADCT_RRETUF,2025-04-01T00:00:00-03:00,1,4,2025,3239.0
2025-04-01,PNADCT_RRETUF,2025-04-01T00:00:00-03:00,1,4,2025,2159.0
2025-04-01,PNADCT_RRETUF,2025-04-01T00:00:00-03:00,1,4,2025,3468.0
2025-04-01,PNADCT_RRETUF,2025-04-01T00:00:00-03:00,1,4,2025,3539.0
2025-04-01,PNADCT_RRETUF,2025-04-01T00:00:00-03:00,1,4,2025,6083.0
2025-04-01,PNADCT_RRETUF,2025-04-01T00:00:00-03:00,1,4,2025,2355.0
2025-04-01,PNADCT_RRETUF,2025-04-01T00:00:00-03:00,1,4,2025,2189.0
2025-04-01,PNADCT_RRETUF,2025-04-01T00:00:00-03:00,1,4,2025,3113.0
2025-04-01,PNADCT_RRETUF,2025-04-01T00:00:00-03:00,1,4,2025,2428.0
2025-04-01,PNADCT_RRETUF,2025-04-01T00:00:00-03:00,1,4,2025,2561.0
2025-04-01,PNADCT_RRETUF,2025-04-01T00:00:00-03:00,1,4,2025,2536.0
2025-04-01,PNADCT_RRETUF,2025-04-01T00:00:00-03:00,1,4,2025,4001.0
2025-04-01,PNADCT_RRETUF,2025-04-01T00:00:00-03:00,1,4,2025,3979.0
2025-04-01,PNADCT_RRETUF,2025-04-01T00:00:00-03:00,1,4,2025,2418.0
2025-04-01,PNADCT_RRETUF,2025-04-01T00:00:00-03:00,1,4,2025,2696.0
2025-04-01,PNADCT_RRETUF,2025-04-01T00:00:00-03:00,1,4,2025,3973.0
2025-04-01,PNADCT_RRETUF,2025-04-01T00:00:00-03:00,1,4,2025,3538.0
2025-07-01,PNADCT_RRETUF,2025-07-01T00:00:00-03:00,1,7,2025,3561.0
2025-07-01,PNADCT_RRETUF,2025-07-01T00:00:00-03:00,1,7,2025,4171.0
2025-07-01,PNADCT_RRETUF,2025-07-01T00:00:00-03:00,1,7,2025,2728.0
2025-07-01,PNADCT_RRETUF,2025-07-01T00:00:00-03:00,1,7,2025,2458.0
2025-07-01,PNADCT_RRETUF,2025-07-01T00:00:00-03:00,1,7,2025,4057.0
2025-07-01,PNADCT_RRETUF,2025-07-01T00:00:00-03:00,1,7,2025,3969.0
2025-07-01,PNADCT_RRETUF,2025-07-01T00:00:00-03:00,1,7,2025,2883.0
2025-07-01,PNADCT_RRETUF,2025-07-01T00:00:00-03:00,1,7,2025,2505.0
2025-07-01,PNADCT_RRETUF,2025-07-01T00:00:00-03:00,1,7,2025,2630.0
2025-07-01,PNADCT_RRETUF,2025-07-01T00:00:00-03:00,1,7,2025,3181.0
2025-07-01,PNADCT_RRETUF,2025-07-01T00:00:00-03:00,1,7,2025,2277.0
2025-07-01,PNADCT_RRETUF,2025-07-01T00:00:00-03:00,1,7,2025,2388.0
2025-07-01,PNADCT_RRETUF,2025-07-01T00:00:00-03:00,1,7,2025,6400.0
2025-07-01,PNADCT_RRETUF,2025-07-01T00:00:00-03:00,1,7,2025,3456.0
2025-07-01,PNADCT_RRETUF,2025-07-01T00:00:00-03:00,1,7,2025,3637.0
2025-07-01,PNADCT_RRETUF,2025-07-01T00:00:00-03:00,1,7,2025,2210.0
2025-07-01,PNADCT_RRETUF,2025-07-01T00:00:00-03:00,1,7,2025,3226.0
2025-07-01,PNADCT_RRETUF,2025-07-01T00:00:00-03:00,1,7,2025,3636.0
2025-07-01,PNADCT_RRETUF,2025-07-01T00:00:00-03:00,1,7,2025,3880.0
2025-07-01,PNADCT_RRETUF,2025-07-01T00:00:00-03:00,1,7,2025,2461.0
2025-07-01,PNADCT_RRETUF,2025-07-01T00:00:00-03:00,1,7,2025,2608.0
2025-07-01,PNADCT_RRETUF,2025-07-01T00:00:00-03:00,1,7,2025,2662.0
2025-07-01,PNADCT_RRETUF,2025-07-01T00:00:00-03:00,1,7,2025,2479.0
2025-07-01,PNADCT_RRETUF,2025-07-01T00:00:00-03:00,1,7,2025,4082.0
2025-07-01,PNADCT_RRETUF,2025-07-01T00:00:00-03:00,1,7,2025,4194.0
2025-07-01,PNADCT_RRETUF,2025-07-01T00:00:00-03:00,1,7,2025,2889.0
2025-07-01,PNADCT_RRETUF,2025-07-01T00:00:00-03:00,1,7,2025,3239.0
2025-07-01,PNADCT_RRETUF,2025-07-01T00:00:00-03:00,1,7,2025,3394.0
2025-07-01,PNADCT_RRETUF,2025-07-01T00:00:00-03:00,1,7,2025,3882.0
2025-07-01,PNADCT_RRETUF,2025-07-01T00:00:00-03:00,1,7,2025,4248.0
2025-07-01,PNADCT_RRETUF,2025-07-01T00:00:00-03:00,1,7,2025,2905.0
2025-07-01,PNADCT_RRETUF,2025-07-01T00:00:00-03:00,1,7,2025,4266.0
2025-07-01,PNADCT_RRETUF,2025-07-01T00:00:00-03:00,1,7,2025,3176.0
2025-10-01,PNADCT_RRETUF,2025-10-01T00:00:00-03:00,1,10,2025,3400.0
2025-10-01,PNADCT_RRETUF,2025-10-01T00:00:00-03:00,1,10,2025,4511.0
2025-10-01,PNADCT_RRETUF,2025-10-01T00:00:00-03:00,1,10,2025,2902.0
2025-10-01,PNADCT_RRETUF,2025-10-01T00:00:00-03:00,1,10,2025,4347.0
2025-10-01,PNADCT_RRETUF,2025-10-01T00:00:00-03:00,1,10,2025,4101.0
2025-10-01,PNADCT_RRETUF,2025-10-01T00:00:00-03:00,1,10,2025,3323.0
2025-10-01,PNADCT_RRETUF,2025-10-01T00:00:00-03:00,1,10,2025,3559.0
2025-10-01,PNADCT_RRETUF,2025-10-01T00:00:00-03:00,1,10,2025,2945.0
2025-10-01,PNADCT_RRETUF,2025-10-01T00:00:00-03:00,1,10,2025,4305.0
2025-10-01,PNADCT_RRETUF,2025-10-01T00:00:00-03:00,1,10,2025,4237.0
2025-10-01,PNADCT_RRETUF,2025-10-01T00:00:00-03:00,1,10,2025,2588.0
2025-10-01,PNADCT_RRETUF,2025-10-01T00:00:00-03:00,1,10,2025,2847.0
2025-10-01,PNADCT_RRETUF,2025-10-01T00:00:00-03:00,1,10,2025,2696.0
2025-10-01,PNADCT_RRETUF,2025-10-01T00:00:00-03:00,1,10,2025,2623.0
2025-10-01,PNADCT_RRETUF,2025-10-01T00:00:00-03:00,1,10,2025,4002.0
2025-10-01,PNADCT_RRETUF,2025-10-01T00:00:00-03:00,1,10,2025,3808.0
2025-10-01,PNADCT_RRETUF,2025-10-01T00:00:00-03:00,1,10,2025,3470.0
2025-10-01,PNADCT_RRETUF,2025-10-01T00:00:00-03:00,1,10,2025,2166.0
2025-10-01,PNADCT_RRETUF,2025-10-01T00:00:00-03:00,1,10,2025,3794.0
2025-10-01,PNADCT_RRETUF,2025-10-01T00:00:00-03:00,1,10,2025,3576.0
2025-10-01,PNADCT_RRETUF,2025-10-01T00:00:00-03:00,1,10,2025,6534.0
2025-10-01,PNADCT_RRETUF,2025-10-01T00:00:00-03:00,1,10,2025,2469.0
2025-10-01,PNADCT_RRETUF,2025-10-01T00:00:00-03:00,1,10,2025,2391.0
2025-10-01,PNADCT_RRETUF,2025-10-01T00:00:00-03:00,1,10,2025,3480.0
2025-10-01,PNADCT_RRETUF,2025-10-01T00:00:00-03:00,1,10,2025,2766.0
2025-10-01,PNADCT_RRETUF,2025-10-01T00:00:00-03:00,1,10,2025,2627.0
2025-10-01,PNADCT_RRETUF,2025-10-01T00:00:00-03:00,1,10,2025,3002.0
2025-10-01,PNADCT_RRETUF,2025-10-01T00:00:00-03:00,1,10,2025,4187.0
2025-10-01,PNADCT_RRETUF,2025-10-01T00:00:00-03:00,1,10,2025,4219.0
2025-10-01,PNADCT_RRETUF,2025-10-01T00:00:00-03:00,1,10,2025,2551.0
2025-10-01,PNADCT_RRETUF,2025-10-01T00:00:00-03:00,1,10,2025,2904.0
2025-10-01,PNADCT_RRETUF,2025-10-01T00:00:00-03:00,1,10,2025,4325.0
2025-10-01,PNADCT_RRETUF,2025-10-01T00:00:00-03:00,1,10,2025,3732.0
